2008-01-02 12:00:00 13.75 13.747181944444444 10.833333333333334 9.333333333333334 7.916666666666667
2008-01-03 12:00:00 13.75 13.740955 10.833333333333334 10.333333333333334 8.916666666666666
2008-01-04 12:00:00 13.75 13.73415138888889 10.75 11.25 9.75
2008-01-05 12:00:00 13.75 13.726775277777778 10.75 12.166666666666666 10.666666666666666
2008-01-06 12:00:00 13.75 13.718831944444444 10.75 13.083333333333334 10.75
2008-01-07 12:00:00 13.666666666666666 13.710325833333334 10.75 13.666666666666666 10.75
2008-01-08 12:00:00 13.666666666666666 13.701262777777778 10.75 13.666666666666666 10.75
2008-01-09 12:00:00 13.666666666666666 13.691648055555556 10.75 12.666666666666666 10.75
2008-01-10 12:00:00 13.666666666666666 13.681488055555555 10.75 11.583333333333334 10.083333333333334
2008-01-11 12:00:00 13.666666666666666 13.670788611111112 10.666666666666666 10.583333333333334 9.083333333333334
2008-01-12 12:00:00 13.666666666666666 13.65955638888889 10.666666666666666 9.583333333333334 8.083333333333334
2008-01-13 12:00:00 13.666666666666666 13.647798333333334 10.666666666666666 8.583333333333334 7.083333333333333
2008-01-14 12:00:00 13.583333333333334 13.63552111111111 10.666666666666666 7.583333333333333 6.083333333333333
2008-01-15 12:00:00 13.583333333333334 13.622732222222222 10.666666666666666 6.5 5.0
2008-01-16 12:00:00 13.583333333333334 13.609439166666666 10.666666666666666 5.416666666666667 3.9166666666666665
2008-01-17 12:00:00 13.583333333333334 13.595649444444444 10.666666666666666 4.25 2.75
2008-01-18 12:00:00 13.583333333333334 13.581370833333333 10.583333333333334 3.0833333333333335 1.5833333333333333
2008-01-19 12:00:00 13.583333333333334 13.566611388888889 10.583333333333334 2.0 0.5
2008-01-20 12:00:00 13.5 13.551379722222222 10.583333333333334 1.0 0.0
2008-01-21 12:00:00 13.5 13.53568361111111 10.583333333333334 0.16666666666666666 0.0
2008-01-22 12:00:00 13.416666666666666 13.519531666666667 10.583333333333334 0.16666666666666666 0.0
2008-01-23 12:00:00 13.416666666666666 13.5029325 10.583333333333334 1.3333333333333333 0.0
2008-01-24 12:00:00 13.416666666666666 13.485895 10.583333333333334 2.3333333333333335 0.9166666666666666
2008-01-25 12:00:00 13.416666666666666 13.468427777777778 10.583333333333334 3.25 1.8333333333333333
2008-01-26 12:00:00 13.333333333333334 13.450539444444445 10.5 4.166666666666667 2.75
2008-01-27 12:00:00 13.333333333333334 13.432239444444445 10.5 5.083333333333333 3.6666666666666665
2008-01-28 12:00:00 13.333333333333334 13.41353638888889 10.5 5.916666666666667 4.5
2008-01-29 12:00:00 13.333333333333334 13.394439166666666 10.5 6.833333333333333 5.416666666666667
2008-01-30 12:00:00 13.333333333333334 13.374957222222223 10.5 7.833333333333333 6.416666666666667
2008-01-31 12:00:00 13.333333333333334 13.355099444444445 10.5 8.75 7.333333333333333
2008-02-01 12:00:00 13.25 13.334874722222223 10.5 9.583333333333334 8.25
2008-02-02 12:00:00 13.25 13.3142925 10.416666666666666 10.5 9.083333333333334
2008-02-03 12:00:00 13.166666666666666 13.293361666666666 10.416666666666666 11.333333333333334 9.916666666666666
2008-02-04 12:00:00 13.166666666666666 13.272091111111111 10.333333333333334 12.083333333333334 10.333333333333334
2008-02-05 12:00:00 13.166666666666666 13.25049 10.333333333333334 12.75 10.333333333333334
2008-02-06 12:00:00 13.166666666666666 13.228567222222223 10.333333333333334 13.166666666666666 10.333333333333334
2008-02-07 12:00:00 13.083333333333334 13.206331666666667 10.333333333333334 12.583333333333334 10.333333333333334
2008-02-08 12:00:00 13.083333333333334 13.183792222222221 10.333333333333334 11.583333333333334 10.166666666666666
2008-02-09 12:00:00 13.083333333333334 13.160957777777778 10.25 10.583333333333334 9.166666666666666
2008-02-10 12:00:00 13.0 13.137836944444444 10.25 9.416666666666666 8.083333333333334
2008-02-11 12:00:00 13.0 13.114438333333334 10.25 8.416666666666666 7.083333333333333
2008-02-12 12:00:00 13.0 13.090770277777779 10.25 7.333333333333333 6.0
2008-02-13 12:00:00 13.0 13.066841944444445 10.166666666666666 6.166666666666667 4.75
2008-02-14 12:00:00 12.916666666666666 13.04266111111111 10.166666666666666 5.0 3.5833333333333335
2008-02-15 12:00:00 12.916666666666666 13.018236111111111 10.166666666666666 3.9166666666666665 2.5
2008-02-16 12:00:00 12.916666666666666 12.993575277777778 10.166666666666666 2.9166666666666665 1.5
2008-02-17 12:00:00 12.833333333333334 12.968686944444444 10.083333333333334 2.0 0.6666666666666666
2008-02-18 12:00:00 12.833333333333334 12.94357861111111 10.083333333333334 1.25 0.0
2008-02-19 12:00:00 12.833333333333334 12.918258333333334 10.083333333333334 0.5833333333333334 0.0
2008-02-20 12:00:00 12.833333333333334 12.892733611111112 10.0 0.0 0.0
2008-02-21 12:00:00 12.75 12.8670125 10.0 0.6666666666666666 0.0
2008-02-22 12:00:00 12.666666666666666 12.8411025 10.0 1.5833333333333333 0.25
2008-02-23 12:00:00 12.666666666666666 12.815010833333334 10.0 2.5 1.1666666666666667
2008-02-24 12:00:00 12.666666666666666 12.788744722222223 10.0 3.4166666666666665 2.0833333333333335
2008-02-25 12:00:00 12.666666666666666 12.762311666666667 9.833333333333334 4.333333333333333 2.9166666666666665
2008-02-26 12:00:00 12.666666666666666 12.735718333333333 9.833333333333334 5.25 3.8333333333333335
2008-02-27 12:00:00 12.583333333333334 12.708972222222222 9.833333333333334 6.25 4.833333333333333
2008-02-28 12:00:00 12.583333333333334 12.682079444444444 9.833333333333334 7.166666666666667 5.75
2008-02-29 12:00:00 12.5 12.6550475 9.833333333333334 8.0 6.666666666666667
2008-03-01 12:00:00 12.5 12.627882777777778 9.833333333333334 8.833333333333334 7.5
2008-03-02 12:00:00 12.5 12.600591388888889 9.75 9.583333333333334 8.25
2008-03-03 12:00:00 12.416666666666666 12.573180277777778 9.75 10.333333333333334 9.0
2008-03-04 12:00:00 12.416666666666666 12.545655833333333 9.75 11.0 9.666666666666666
2008-03-05 12:00:00 12.416666666666666 12.518023888888889 9.666666666666666 11.583333333333334 9.666666666666666
2008-03-06 12:00:00 12.416666666666666 12.490290833333333 9.583333333333334 12.083333333333334 9.583333333333334
2008-03-07 12:00:00 12.416666666666666 12.4624625 9.583333333333334 12.416666666666666 9.583333333333334
2008-03-08 12:00:00 12.25 12.434545 9.583333333333334 11.25 9.583333333333334
2008-03-09 12:00:00 12.25 12.406544444444444 9.583333333333334 10.166666666666666 8.833333333333334
2008-03-10 12:00:00 12.25 12.378466388888889 9.583333333333334 9.083333333333334 7.75
2008-03-11 12:00:00 12.25 12.350316388888888 9.5 7.916666666666667 6.5
2008-03-12 12:00:00 12.25 12.322100555555556 9.5 6.75 5.333333333333333
2008-03-13 12:00:00 12.166666666666666 12.293824444444445 9.416666666666666 5.583333333333333 4.25
2008-03-14 12:00:00 12.166666666666666 12.265493055555556 9.416666666666666 4.5 3.1666666666666665
2008-03-15 12:00:00 12.166666666666666 12.2371125 9.333333333333334 3.6666666666666665 2.25
2008-03-16 12:00:00 12.083333333333334 12.208687777777778 9.333333333333334 2.8333333333333335 1.4166666666666667
2008-03-17 12:00:00 12.0 12.180224444444445 9.333333333333334 2.0833333333333335 0.75
2008-03-18 12:00:00 12.0 12.151728055555555 9.333333333333334 1.5 0.16666666666666666
2008-03-19 12:00:00 12.0 12.123203888888888 9.333333333333334 1.0 0.0
2008-03-20 12:00:00 12.0 12.094656666666667 9.25 0.5 0.0
2008-03-21 12:00:00 11.916666666666666 12.0660925 9.25 0.08333333333333333 0.0
2008-03-22 12:00:00 11.916666666666666 12.037516111111112 9.166666666666666 1.0 0.0
2008-03-23 12:00:00 11.916666666666666 12.008932777777778 9.166666666666666 1.9166666666666667 0.5
2008-03-24 12:00:00 11.916666666666666 11.980347777777778 9.083333333333334 2.8333333333333335 1.4166666666666667
2008-03-25 12:00:00 11.916666666666666 11.951766388888888 9.083333333333334 3.75 2.3333333333333335
2008-03-26 12:00:00 11.75 11.923193888888889 9.083333333333334 4.666666666666667 3.3333333333333335
2008-03-27 12:00:00 11.75 11.894635555555556 9.083333333333334 5.583333333333333 4.25
2008-03-28 12:00:00 11.75 11.86609638888889 9.0 6.416666666666667 5.083333333333333
2008-03-29 12:00:00 11.75 11.837581944444445 9.0 7.25 5.916666666666667
2008-03-30 12:00:00 11.666666666666666 11.809097222222222 8.916666666666666 8.0 6.583333333333333
2008-03-31 12:00:00 11.666666666666666 11.780647777777778 8.916666666666666 8.583333333333334 7.166666666666667
2008-04-01 12:00:00 11.666666666666666 11.752239166666667 8.833333333333334 9.25 7.833333333333333
2008-04-02 12:00:00 11.666666666666666 11.72387638888889 8.833333333333334 9.75 8.333333333333334
2008-04-03 12:00:00 11.666666666666666 11.695565 8.833333333333334 10.333333333333334 8.833333333333334
2008-04-04 12:00:00 11.5 11.667310833333334 8.833333333333334 10.833333333333334 8.833333333333334
2008-04-05 12:00:00 11.5 11.63911888888889 8.75 11.416666666666666 8.75
2008-04-06 12:00:00 11.5 11.610995277777779 8.666666666666666 10.916666666666666 8.666666666666666
2008-04-07 12:00:00 11.5 11.582945555555556 8.666666666666666 9.75 8.333333333333334
2008-04-08 12:00:00 11.416666666666666 11.554975555555556 8.666666666666666 8.416666666666666 7.083333333333333
2008-04-09 12:00:00 11.416666666666666 11.527090833333334 8.583333333333334 7.25 5.833333333333333
2008-04-10 12:00:00 11.416666666666666 11.4992975 8.583333333333334 6.166666666666667 4.75
2008-04-11 12:00:00 11.416666666666666 11.471601666666666 8.583333333333334 5.166666666666667 3.75
2008-04-12 12:00:00 11.416666666666666 11.444009166666667 8.583333333333334 4.333333333333333 2.9166666666666665
2008-04-13 12:00:00 11.25 11.416526388888888 8.5 3.5833333333333335 2.1666666666666665
2008-04-14 12:00:00 11.25 11.389159722222223 8.416666666666666 3.0 1.5833333333333333
2008-04-15 12:00:00 11.25 11.361915 8.416666666666666 2.5 1.0833333333333333
2008-04-16 12:00:00 11.25 11.334799166666667 8.416666666666666 2.0 0.5833333333333334
2008-04-17 12:00:00 11.25 11.307818611111111 8.333333333333334 1.5 0.0
2008-04-18 12:00:00 11.166666666666666 11.280980277777777 8.333333333333334 0.9166666666666666 0.0
2008-04-19 12:00:00 11.166666666666666 11.254290555555556 8.333333333333334 0.4166666666666667 0.0
2008-04-20 12:00:00 11.166666666666666 11.227756666666666 8.25 0.5 0.0
2008-04-21 12:00:00 11.166666666666666 11.201385277777778 8.166666666666666 1.4166666666666667 0.0
2008-04-22 12:00:00 11.166666666666666 11.17518361111111 8.166666666666666 2.3333333333333335 0.8333333333333334
2008-04-23 12:00:00 11.0 11.149159166666667 8.166666666666666 3.1666666666666665 1.75
2008-04-24 12:00:00 11.0 11.123319166666667 8.166666666666666 4.083333333333333 2.6666666666666665
2008-04-25 12:00:00 11.0 11.097670833333334 8.166666666666666 4.916666666666667 3.5
2008-04-26 12:00:00 11.0 11.072221944444445 8.083333333333334 5.666666666666667 4.25
2008-04-27 12:00:00 11.0 11.046980277777777 8.0 6.333333333333333 4.833333333333333
2008-04-28 12:00:00 11.0 11.021953333333334 8.0 6.916666666666667 5.416666666666667
2008-04-29 12:00:00 10.916666666666666 10.997149444444444 8.0 7.5 6.0
2008-04-30 12:00:00 10.916666666666666 10.972576111111112 7.916666666666667 8.0 6.5
2008-05-01 12:00:00 10.833333333333334 10.948241944444444 7.916666666666667 8.5 7.083333333333333
2008-05-02 12:00:00 10.833333333333334 10.924154722222223 7.916666666666667 9.0 7.583333333333333
2008-05-03 12:00:00 10.833333333333334 10.900322777777777 7.833333333333333 9.666666666666666 7.833333333333333
2008-05-04 12:00:00 10.833333333333334 10.876755 7.833333333333333 10.333333333333334 7.833333333333333
2008-05-05 12:00:00 10.75 10.853459444444445 7.75 10.416666666666666 7.75
2008-05-06 12:00:00 10.75 10.830445 7.75 9.166666666666666 7.666666666666667
2008-05-07 12:00:00 10.75 10.807720277777777 7.75 8.0 6.5
2008-05-08 12:00:00 10.75 10.785293611111111 7.75 6.916666666666667 5.416666666666667
2008-05-09 12:00:00 10.75 10.763174444444445 7.666666666666667 6.083333333333333 4.583333333333333
2008-05-10 12:00:00 10.666666666666666 10.74137111111111 7.666666666666667 5.333333333333333 3.8333333333333335
2008-05-11 12:00:00 10.666666666666666 10.719893055555556 7.583333333333333 4.666666666666667 3.0833333333333335
2008-05-12 12:00:00 10.666666666666666 10.69874861111111 7.583333333333333 4.083333333333333 2.5
2008-05-13 12:00:00 10.583333333333334 10.6779475 7.583333333333333 3.5 2.0
2008-05-14 12:00:00 10.583333333333334 10.657498333333333 7.583333333333333 3.0 1.5
2008-05-15 12:00:00 10.583333333333334 10.637410277777779 7.5 2.5833333333333335 1.0833333333333333
2008-05-16 12:00:00 10.583333333333334 10.617692222222223 7.5 2.0833333333333335 0.5833333333333334
2008-05-17 12:00:00 10.583333333333334 10.598353611111111 7.416666666666667 1.5 0.0
2008-05-18 12:00:00 10.583333333333334 10.579403055555556 7.416666666666667 0.9166666666666666 0.0
2008-05-19 12:00:00 10.5 10.56085 7.416666666666667 0.3333333333333333 0.0
2008-05-20 12:00:00 10.5 10.542703333333334 7.416666666666667 0.8333333333333334 0.0
2008-05-21 12:00:00 10.5 10.524971944444445 7.333333333333333 1.75 0.16666666666666666
2008-05-22 12:00:00 10.5 10.507664722222222 7.333333333333333 2.5833333333333335 1.0
2008-05-23 12:00:00 10.416666666666666 10.490790555555556 7.333333333333333 3.3333333333333335 1.75
2008-05-24 12:00:00 10.416666666666666 10.474358333333333 7.25 4.0 2.4166666666666665
2008-05-25 12:00:00 10.416666666666666 10.458376388888889 7.25 4.666666666666667 3.0833333333333335
2008-05-26 12:00:00 10.416666666666666 10.442853333333334 7.25 5.166666666666667 3.5833333333333335
2008-05-27 12:00:00 10.416666666666666 10.4277975 7.25 5.75 4.166666666666667
2008-05-28 12:00:00 10.333333333333334 10.413217777777778 7.166666666666667 6.166666666666667 4.583333333333333
2008-05-29 12:00:00 10.333333333333334 10.399121388888888 7.166666666666667 6.666666666666667 5.083333333333333
2008-05-30 12:00:00 10.333333333333334 10.385516944444445 7.166666666666667 7.25 5.666666666666667
2008-05-31 12:00:00 10.333333333333334 10.372412222222222 7.166666666666667 7.916666666666667 6.333333333333333
2008-06-01 12:00:00 10.333333333333334 10.359814166666666 7.166666666666667 8.666666666666666 7.083333333333333
2008-06-02 12:00:00 10.333333333333334 10.347730833333333 7.166666666666667 9.583333333333334 7.166666666666667
2008-06-03 12:00:00 10.333333333333334 10.336169166666666 7.166666666666667 10.25 7.166666666666667
2008-06-04 12:00:00 10.333333333333334 10.325136111111112 7.083333333333333 9.083333333333334 7.083333333333333
2008-06-05 12:00:00 10.333333333333334 10.314638055555555 7.083333333333333 8.083333333333334 6.5
2008-06-06 12:00:00 10.333333333333334 10.304681944444445 7.083333333333333 7.25 5.666666666666667
2008-06-07 12:00:00 10.25 10.295273333333334 7.0 6.583333333333333 4.916666666666667
2008-06-08 12:00:00 10.25 10.286418611111111 7.0 5.916666666666667 4.25
2008-06-09 12:00:00 10.25 10.278122777777778 7.0 5.416666666666667 3.75
2008-06-10 12:00:00 10.25 10.270391666666667 7.0 4.916666666666667 3.25
2008-06-11 12:00:00 10.25 10.263229722222222 7.0 4.416666666666667 2.75
2008-06-12 12:00:00 10.25 10.256641666666667 7.0 3.9166666666666665 2.25
2008-06-13 12:00:00 10.25 10.250631944444445 7.0 3.4166666666666665 1.75
2008-06-14 12:00:00 10.25 10.245204444444445 6.916666666666667 2.8333333333333335 1.1666666666666667
2008-06-15 12:00:00 10.25 10.240362222222222 6.916666666666667 2.25 0.5833333333333334
2008-06-16 12:00:00 10.25 10.236109166666667 6.916666666666667 1.5 0.0
2008-06-17 12:00:00 10.25 10.2324475 6.916666666666667 0.75 0.0
2008-06-18 12:00:00 10.25 10.229379722222221 6.916666666666667 0.3333333333333333 0.0
2008-06-19 12:00:00 10.25 10.226908055555555 7.0 1.1666666666666667 0.0
2008-06-20 12:00:00 10.25 10.225034166666667 7.0 1.8333333333333333 0.16666666666666666
2008-06-21 12:00:00 10.25 10.223759166666667 7.0 2.5 0.8333333333333334
2008-06-22 12:00:00 10.25 10.223083888888889 7.0 3.0833333333333335 1.4166666666666667
2008-06-23 12:00:00 10.166666666666666 10.22300888888889 7.0 3.5 1.9166666666666667
2008-06-24 12:00:00 10.166666666666666 10.22353388888889 7.0 4.0 2.4166666666666665
2008-06-25 12:00:00 10.166666666666666 10.224659166666667 7.0 4.5 2.9166666666666665
2008-06-26 12:00:00 10.166666666666666 10.22638361111111 7.0 5.083333333333333 3.5
2008-06-27 12:00:00 10.166666666666666 10.228705833333333 7.0 5.666666666666667 4.083333333333333
2008-06-28 12:00:00 10.25 10.231624722222222 7.0 6.333333333333333 4.75
2008-06-29 12:00:00 10.25 10.235138055555556 7.0 7.166666666666667 5.583333333333333
2008-06-30 12:00:00 10.25 10.23924361111111 7.0 8.083333333333334 6.5
2008-07-01 12:00:00 10.25 10.24393888888889 7.0 9.166666666666666 7.0
2008-07-02 12:00:00 10.25 10.249220277777777 7.0 10.25 7.0
2008-07-03 12:00:00 10.25 10.255085 7.083333333333333 9.583333333333334 7.083333333333333
2008-07-04 12:00:00 10.25 10.261528888888888 7.083333333333333 8.75 7.083333333333333
2008-07-05 12:00:00 10.25 10.2685475 7.083333333333333 8.083333333333334 6.5
2008-07-06 12:00:00 10.25 10.276136944444444 7.083333333333333 7.5 5.916666666666667
2008-07-07 12:00:00 10.25 10.284291944444444 7.083333333333333 7.0 5.416666666666667
2008-07-08 12:00:00 10.25 10.2930075 7.083333333333333 6.5 4.916666666666667
2008-07-09 12:00:00 10.25 10.302278055555556 7.083333333333333 6.0 4.416666666666667
2008-07-10 12:00:00 10.416666666666666 10.312098055555555 7.083333333333333 5.583333333333333 3.9166666666666665
2008-07-11 12:00:00 10.416666666666666 10.322461111111112 7.166666666666667 5.0 3.4166666666666665
2008-07-12 12:00:00 10.416666666666666 10.333361111111111 7.25 4.416666666666667 2.8333333333333335
2008-07-13 12:00:00 10.416666666666666 10.344791388888888 7.25 3.75 2.1666666666666665
2008-07-14 12:00:00 10.416666666666666 10.356745 7.25 3.0 1.4166666666666667
2008-07-15 12:00:00 10.416666666666666 10.369214722222223 7.25 2.0833333333333335 0.5
2008-07-16 12:00:00 10.416666666666666 10.382193611111111 7.25 1.1666666666666667 0.0
2008-07-17 12:00:00 10.416666666666666 10.395673888888888 7.25 0.25 0.0
2008-07-18 12:00:00 10.416666666666666 10.409648055555556 7.333333333333333 0.5 0.0
2008-07-19 12:00:00 10.416666666666666 10.424107777777778 7.333333333333333 1.0833333333333333 0.0
2008-07-20 12:00:00 10.5 10.439045277777778 7.333333333333333 1.6666666666666667 0.08333333333333333
2008-07-21 12:00:00 10.5 10.454452222222223 7.416666666666667 2.1666666666666665 0.6666666666666666
2008-07-22 12:00:00 10.5 10.470320277777779 7.416666666666667 2.6666666666666665 1.1666666666666667
2008-07-23 12:00:00 10.5 10.486640833333333 7.416666666666667 3.1666666666666665 1.6666666666666667
2008-07-24 12:00:00 10.583333333333334 10.503405277777778 7.416666666666667 3.8333333333333335 2.25
2008-07-25 12:00:00 10.583333333333334 10.520605 7.5 4.416666666666667 2.8333333333333335
2008-07-26 12:00:00 10.583333333333334 10.538231111111111 7.5 5.166666666666667 3.5833333333333335
2008-07-27 12:00:00 10.583333333333334 10.556275 7.5 6.083333333333333 4.5
2008-07-28 12:00:00 10.583333333333334 10.574727222222222 7.583333333333333 7.0 5.5
2008-07-29 12:00:00 10.666666666666666 10.593579166666666 7.583333333333333 8.166666666666666 6.666666666666667
2008-07-30 12:00:00 10.666666666666666 10.612821666666667 7.583333333333333 9.333333333333334 7.583333333333333
2008-07-31 12:00:00 10.666666666666666 10.632445555555556 7.666666666666667 10.5 7.666666666666667
2008-08-01 12:00:00 10.666666666666666 10.652441944444444 7.666666666666667 10.5 7.666666666666667
2008-08-02 12:00:00 10.75 10.672801944444444 7.666666666666667 9.833333333333334 7.666666666666667
2008-08-03 12:00:00 10.75 10.693515833333333 7.75 9.333333333333334 7.75
2008-08-04 12:00:00 10.75 10.714575277777778 7.75 8.75 7.25
2008-08-05 12:00:00 10.75 10.735970833333333 7.75 8.25 6.75
2008-08-06 12:00:00 10.75 10.757693611111112 7.75 7.75 6.25
2008-08-07 12:00:00 10.75 10.779734722222223 7.833333333333333 7.25 5.833333333333333
2008-08-08 12:00:00 10.916666666666666 10.802085277777778 7.916666666666667 6.75 5.25
2008-08-09 12:00:00 10.916666666666666 10.824736388888889 7.916666666666667 6.083333333333333 4.583333333333333
2008-08-10 12:00:00 10.916666666666666 10.847679166666667 7.916666666666667 5.333333333333333 3.8333333333333335
2008-08-11 12:00:00 10.916666666666666 10.870905277777778 7.916666666666667 4.5 3.0
2008-08-12 12:00:00 10.916666666666666 10.894405833333334 8.0 3.5833333333333335 2.0833333333333335
2008-08-13 12:00:00 10.916666666666666 10.9181725 8.083333333333334 2.6666666666666665 1.25
2008-08-14 12:00:00 11.0 10.942196388888888 8.083333333333334 1.6666666666666667 0.25
2008-08-15 12:00:00 11.0 10.966469722222222 8.083333333333334 0.6666666666666666 0.0
2008-08-16 12:00:00 11.0 10.990984166666667 8.083333333333334 0.0 0.0
2008-08-17 12:00:00 11.083333333333334 11.01573111111111 8.166666666666666 0.5 0.0
2008-08-18 12:00:00 11.083333333333334 11.040703055555555 8.166666666666666 1.0 0.0
2008-08-19 12:00:00 11.083333333333334 11.065891944444445 8.166666666666666 1.5833333333333333 0.16666666666666666
2008-08-20 12:00:00 11.166666666666666 11.091289722222223 8.25 2.1666666666666665 0.6666666666666666
2008-08-21 12:00:00 11.166666666666666 11.116888888888889 8.333333333333334 2.8333333333333335 1.4166666666666667
2008-08-22 12:00:00 11.166666666666666 11.142681666666666 8.333333333333334 3.5 2.0833333333333335
2008-08-23 12:00:00 11.166666666666666 11.168660833333334 8.333333333333334 4.333333333333333 2.9166666666666665
2008-08-24 12:00:00 11.166666666666666 11.194818611111112 8.333333333333334 5.25 3.8333333333333335
2008-08-25 12:00:00 11.25 11.221148055555556 8.416666666666666 6.333333333333333 4.916666666666667
2008-08-26 12:00:00 11.25 11.247642222222222 8.416666666666666 7.5 6.083333333333333
2008-08-27 12:00:00 11.333333333333334 11.27429361111111 8.416666666666666 8.583333333333334 7.166666666666667
2008-08-28 12:00:00 11.333333333333334 11.301095555555555 8.5 9.75 8.333333333333334
2008-08-29 12:00:00 11.416666666666666 11.32804111111111 8.583333333333334 10.916666666666666 8.583333333333334
2008-08-30 12:00:00 11.416666666666666 11.355123888888889 8.583333333333334 11.416666666666666 8.583333333333334
2008-08-31 12:00:00 11.416666666666666 11.382336666666667 8.583333333333334 11.083333333333334 8.583333333333334
2008-09-01 12:00:00 11.416666666666666 11.409673611111112 8.583333333333334 10.583333333333334 8.583333333333334
2008-09-02 12:00:00 11.416666666666666 11.437128055555556 8.666666666666666 10.083333333333334 8.666666666666666
2008-09-03 12:00:00 11.5 11.46469361111111 8.666666666666666 9.5 8.083333333333334
2008-09-04 12:00:00 11.5 11.492364166666666 8.75 8.916666666666666 7.583333333333333
2008-09-05 12:00:00 11.5 11.52013388888889 8.75 8.333333333333334 7.0
2008-09-06 12:00:00 11.5 11.547996111111111 8.833333333333334 7.583333333333333 6.25
2008-09-07 12:00:00 11.666666666666666 11.575945555555556 8.833333333333334 6.833333333333333 5.416666666666667
2008-09-08 12:00:00 11.666666666666666 11.603975833333333 8.833333333333334 6.0 4.583333333333333
2008-09-09 12:00:00 11.666666666666666 11.632081388888889 8.833333333333334 5.083333333333333 3.6666666666666665
2008-09-10 12:00:00 11.666666666666666 11.660256666666667 8.916666666666666 4.083333333333333 2.6666666666666665
2008-09-11 12:00:00 11.666666666666666 11.688495833333333 8.916666666666666 3.1666666666666665 1.75
2008-09-12 12:00:00 11.75 11.716793611111111 8.916666666666666 2.1666666666666665 0.75
2008-09-13 12:00:00 11.75 11.745143888888888 9.0 1.1666666666666667 0.0
2008-09-14 12:00:00 11.75 11.773541666666667 9.083333333333334 0.16666666666666666 0.0
2008-09-15 12:00:00 11.75 11.801981388888889 9.083333333333334 0.08333333333333333 0.0
2008-09-16 12:00:00 11.833333333333334 11.830457777777777 9.083333333333334 0.6666666666666666 0.0
2008-09-17 12:00:00 11.833333333333334 11.858965277777777 9.083333333333334 1.3333333333333333 0.0
2008-09-18 12:00:00 11.916666666666666 11.887498611111111 9.166666666666666 2.0 0.6666666666666666
2008-09-19 12:00:00 11.916666666666666 11.916052777777777 9.166666666666666 2.75 1.4166666666666667
2008-09-20 12:00:00 12.0 11.944622222222222 9.166666666666666 3.75 2.3333333333333335
2008-09-21 12:00:00 12.0 11.973201944444444 9.166666666666666 4.75 3.3333333333333335
2008-09-22 12:00:00 12.0 12.001786388888888 9.333333333333334 5.833333333333333 4.5
2008-09-23 12:00:00 12.0 12.030370555555555 9.333333333333334 6.916666666666667 5.583333333333333
2008-09-24 12:00:00 12.083333333333334 12.058949166666666 9.333333333333334 8.166666666666666 6.75
2008-09-25 12:00:00 12.083333333333334 12.087517222222223 9.333333333333334 9.166666666666666 7.75
2008-09-26 12:00:00 12.083333333333334 12.116068888888888 9.416666666666666 10.166666666666666 8.833333333333334
2008-09-27 12:00:00 12.083333333333334 12.144599444444445 9.416666666666666 11.166666666666666 9.416666666666666
2008-09-28 12:00:00 12.166666666666666 12.173103333333334 9.416666666666666 12.166666666666666 9.416666666666666
2008-09-29 12:00:00 12.25 12.201575277777778 9.416666666666666 12.25 9.416666666666666
2008-09-30 12:00:00 12.25 12.230010277777778 9.5 11.75 9.5
2008-10-01 12:00:00 12.25 12.258402222222223 9.583333333333334 11.25 9.583333333333334
2008-10-02 12:00:00 12.25 12.286746388888888 9.583333333333334 10.583333333333334 9.25
2008-10-03 12:00:00 12.333333333333334 12.315036944444444 9.583333333333334 9.916666666666666 8.583333333333334
2008-10-04 12:00:00 12.333333333333334 12.34326861111111 9.666666666666666 9.166666666666666 7.833333333333333
2008-10-05 12:00:00 12.333333333333334 12.371435277777778 9.666666666666666 8.333333333333334 7.0
2008-10-06 12:00:00 12.333333333333334 12.399531944444444 9.666666666666666 7.416666666666667 6.083333333333333
2008-10-07 12:00:00 12.416666666666666 12.4275525 9.666666666666666 6.5 5.166666666666667
2008-10-08 12:00:00 12.5 12.45549138888889 9.666666666666666 5.583333333333333 4.166666666666667
2008-10-09 12:00:00 12.5 12.483342222222221 9.75 4.666666666666667 3.25
2008-10-10 12:00:00 12.5 12.511099722222223 9.75 3.6666666666666665 2.25
2008-10-11 12:00:00 12.5 12.5387575 9.833333333333334 2.6666666666666665 1.3333333333333333
2008-10-12 12:00:00 12.583333333333334 12.566309722222222 9.833333333333334 1.6666666666666667 0.3333333333333333
2008-10-13 12:00:00 12.583333333333334 12.593749722222222 9.833333333333334 0.6666666666666666 0.0
2008-10-14 12:00:00 12.583333333333334 12.62107138888889 9.916666666666666 0.0 0.0
2008-10-15 12:00:00 12.583333333333334 12.648268611111112 9.916666666666666 0.4166666666666667 0.0
2008-10-16 12:00:00 12.583333333333334 12.675334444444445 9.916666666666666 1.1666666666666667 0.0
2008-10-17 12:00:00 12.75 12.7022625 9.916666666666666 2.0833333333333335 0.6666666666666666
2008-10-18 12:00:00 12.75 12.729045833333334 9.916666666666666 3.0833333333333335 1.6666666666666667
2008-10-19 12:00:00 12.75 12.755678055555556 10.0 4.25 2.9166666666666665
2008-10-20 12:00:00 12.75 12.782151944444445 10.083333333333334 5.333333333333333 4.0
2008-10-21 12:00:00 12.75 12.808460277777778 10.083333333333334 6.416666666666667 5.083333333333333
2008-10-22 12:00:00 12.833333333333334 12.834596388888889 10.083333333333334 7.583333333333333 6.166666666666667
2008-10-23 12:00:00 12.833333333333334 12.8605525 10.083333333333334 8.583333333333334 7.166666666666667
2008-10-24 12:00:00 12.833333333333334 12.886321666666667 10.083333333333334 9.583333333333334 8.166666666666666
2008-10-25 12:00:00 12.916666666666666 12.911895833333332 10.166666666666666 10.5 9.166666666666666
2008-10-26 12:00:00 12.916666666666666 12.937268055555556 10.166666666666666 11.416666666666666 10.083333333333334
2008-10-27 12:00:00 12.916666666666666 12.96243 10.166666666666666 12.416666666666666 10.166666666666666
2008-10-28 12:00:00 13.0 12.987374444444445 10.166666666666666 13.0 10.166666666666666
2008-10-29 12:00:00 13.0 13.012092777777777 10.25 12.916666666666666 10.25
2008-10-30 12:00:00 13.0 13.0365775 10.25 12.25 10.25
2008-10-31 12:00:00 13.0 13.06082 10.25 11.5 10.166666666666666
2008-11-01 12:00:00 13.083333333333334 13.0848125 10.333333333333334 10.75 9.333333333333334
2008-11-02 12:00:00 13.083333333333334 13.108546111111112 10.333333333333334 9.916666666666666 8.5
2008-11-03 12:00:00 13.166666666666666 13.132012777777778 10.333333333333334 9.0 7.583333333333333
2008-11-04 12:00:00 13.166666666666666 13.155203888888888 10.333333333333334 8.0 6.583333333333333
2008-11-05 12:00:00 13.166666666666666 13.178110833333333 10.333333333333334 7.083333333333333 5.666666666666667
2008-11-06 12:00:00 13.166666666666666 13.200725 10.416666666666666 6.166666666666667 4.833333333333333
2008-11-07 12:00:00 13.166666666666666 13.223037222222223 10.416666666666666 5.166666666666667 3.8333333333333335
2008-11-08 12:00:00 13.25 13.245039166666666 10.416666666666666 4.333333333333333 2.9166666666666665
2008-11-09 12:00:00 13.25 13.26672138888889 10.416666666666666 3.3333333333333335 1.9166666666666667
2008-11-10 12:00:00 13.25 13.288075555555556 10.5 2.25 0.8333333333333334
2008-11-11 12:00:00 13.333333333333334 13.309092222222223 10.5 1.1666666666666667 0.0
2008-11-12 12:00:00 13.333333333333334 13.3297625 10.5 0.0 0.0
2008-11-13 12:00:00 13.333333333333334 13.350077222222222 10.5 0.25 0.0
2008-11-14 12:00:00 13.416666666666666 13.370027777777779 10.583333333333334 1.1666666666666667 0.0
2008-11-15 12:00:00 13.416666666666666 13.389604444444444 10.583333333333334 2.3333333333333335 0.9166666666666666
2008-11-16 12:00:00 13.416666666666666 13.408798611111111 10.583333333333334 3.4166666666666665 2.0
2008-11-17 12:00:00 13.416666666666666 13.42760111111111 10.583333333333334 4.583333333333333 3.1666666666666665
2008-11-18 12:00:00 13.416666666666666 13.446002777777778 10.583333333333334 5.75 4.333333333333333
2008-11-19 12:00:00 13.416666666666666 13.463994722222223 10.583333333333334 6.75 5.333333333333333
2008-11-20 12:00:00 13.416666666666666 13.481568055555556 10.583333333333334 7.75 6.333333333333333
2008-11-21 12:00:00 13.5 13.498713888888888 10.583333333333334 8.666666666666666 7.25
2008-11-22 12:00:00 13.5 13.51542361111111 10.666666666666666 9.583333333333334 8.166666666666666
2008-11-23 12:00:00 13.5 13.531688055555556 10.666666666666666 10.583333333333334 9.166666666666666
2008-11-24 12:00:00 13.5 13.547498888888889 10.666666666666666 11.5 10.083333333333334
2008-11-25 12:00:00 13.583333333333334 13.5628475 10.666666666666666 12.5 10.666666666666666
2008-11-26 12:00:00 13.583333333333334 13.577725833333334 10.666666666666666 13.416666666666666 10.666666666666666
2008-11-27 12:00:00 13.666666666666666 13.592125277777777 10.666666666666666 13.666666666666666 10.666666666666666
2008-11-28 12:00:00 13.666666666666666 13.606038055555555 10.666666666666666 13.166666666666666 10.666666666666666
2008-11-29 12:00:00 13.666666666666666 13.619456111111111 10.75 12.333333333333334 10.75
2008-11-30 12:00:00 13.666666666666666 13.632371666666666 10.75 11.416666666666666 10.0
2008-12-01 12:00:00 13.666666666666666 13.6447775 10.75 10.5 9.083333333333334
2008-12-02 12:00:00 13.666666666666666 13.656665833333333 10.75 9.583333333333334 8.166666666666666
2008-12-03 12:00:00 13.75 13.668030277777778 10.75 8.75 7.25
2008-12-04 12:00:00 13.75 13.678863333333334 10.75 7.833333333333333 6.333333333333333
2008-12-05 12:00:00 13.75 13.689158888888889 10.75 6.833333333333333 5.333333333333333
2008-12-06 12:00:00 13.75 13.698910555555555 10.75 5.916666666666667 4.416666666666667
2008-12-07 12:00:00 13.75 13.708112222222223 10.833333333333334 4.916666666666667 3.5
2008-12-08 12:00:00 13.666666666666666 13.716757777777778 10.833333333333334 3.8333333333333335 2.4166666666666665
2008-12-09 12:00:00 13.666666666666666 13.7248425 10.833333333333334 2.75 1.3333333333333333
2008-12-10 12:00:00 13.75 13.732360833333333 10.833333333333334 1.5833333333333333 0.08333333333333333
2008-12-11 12:00:00 13.75 13.739308055555556 10.833333333333334 0.4166666666666667 0.0
2008-12-12 12:00:00 13.75 13.745679444444445 10.833333333333334 0.0 0.0
2008-12-13 12:00:00 13.75 13.75147138888889 10.833333333333334 1.0833333333333333 0.0
2008-12-14 12:00:00 13.75 13.75668 10.833333333333334 2.25 0.8333333333333334
2008-12-15 12:00:00 13.75 13.761301666666666 10.916666666666666 3.4166666666666665 2.0
2008-12-16 12:00:00 13.75 13.765333333333333 10.833333333333334 4.583333333333333 3.0833333333333335
2008-12-17 12:00:00 13.75 13.7687725 10.833333333333334 5.583333333333333 4.083333333333333
2008-12-18 12:00:00 13.75 13.771616944444444 10.833333333333334 6.583333333333333 5.083333333333333
2008-12-19 12:00:00 13.833333333333334 13.773864444444444 10.833333333333334 7.5 6.0
2008-12-20 12:00:00 13.833333333333334 13.77551388888889 10.833333333333334 8.5 7.0
2008-12-21 12:00:00 13.833333333333334 13.776564166666667 10.833333333333334 9.416666666666666 7.916666666666667
2008-12-22 12:00:00 13.75 13.777014444444445 10.833333333333334 10.25 8.833333333333334
2008-12-23 12:00:00 13.75 13.776864166666666 10.833333333333334 11.166666666666666 9.75
2008-12-24 12:00:00 13.75 13.776114166666666 10.833333333333334 12.083333333333334 10.666666666666666
2008-12-25 12:00:00 13.75 13.774764166666667 10.916666666666666 13.0 10.916666666666666
2008-12-26 12:00:00 13.75 13.772815277777777 10.833333333333334 13.75 10.833333333333334
2008-12-27 12:00:00 13.75 13.770269166666667 10.833333333333334 13.75 10.833333333333334
2008-12-28 12:00:00 13.75 13.767127222222221 10.833333333333334 12.833333333333334 10.833333333333334
2008-12-29 12:00:00 13.75 13.76339138888889 10.833333333333334 11.916666666666666 10.5
2008-12-30 12:00:00 13.75 13.759064444444444 10.833333333333334 11.0 9.583333333333334
2008-12-31 12:00:00 13.75 13.754148888888889 10.833333333333334 10.166666666666666 8.666666666666666
      
