Run:    0  0.6253 1.2962 0.3223 0.8326 0.4045 0.0899 
Run:    1  0.5860 1.2484 0.3409 0.8871 0.3090 0.0622 
Run:    2  0.5917 1.3158 0.3391 0.8733 0.4339 0.0903 
Run:    3  0.6314 1.5024 0.3194 0.8015 0.3741 0.0643 
Run:    4  0.5329 1.2358 0.3758 0.8705 0.3541 0.0820 
Run:    5  0.5974 1.3811 0.3199 0.8770 0.3845 0.0755 
Run:    6  0.6400 1.4746 0.3184 0.7951 0.4196 0.0650 
Run:    7  0.5231 1.3803 0.3195 0.8150 0.3520 0.0744 
Run:    8  0.5960 1.2840 0.3064 0.8716 0.4050 0.0831 
Run:    9  0.6194 1.4667 0.3257 0.8457 0.4599 0.0799 
Run:   10  0.5490 1.4702 0.3272 0.8266 0.3995 0.0825 
Run:   11  0.5343 1.4801 0.3127 0.8116 0.3883 0.0733 
Run:   12  0.5384 1.4688 0.3206 0.8746 0.2968 0.0771 
Run:   13  0.5694 1.3327 0.3495 0.8623 0.3499 0.0891 
Run:   14  0.5031 1.5983 0.3142 0.8079 0.3951 0.0783 
Run:   15  0.5312 1.5318 0.3299 0.8299 0.3966 0.0813 
Run:   16  0.5013 1.7295 0.3465 0.8413 0.2512 0.0550 
Run:   17  0.6130 1.6662 0.2926 0.8068 0.4397 0.0810 
Run:   18  0.5756 1.3099 0.3095 0.8733 0.3579 0.0877 
Run:   19  0.5778 1.4827 0.3454 0.8857 0.3256 0.0740 
Run:   20  0.6043 1.4841 0.2936 0.8269 0.4166 0.0755 
Run:   21  0.5659 1.2524 0.3598 0.8542 0.2661 0.0775 
Run:   22  0.5703 1.5952 0.3276 0.8325 0.3534 0.0615 
Run:   23  0.5881 1.5247 0.3672 0.8507 0.3643 0.0725 
Run:   24  0.5650 1.1975 0.3191 0.9015 0.3548 0.0881 
Run:   25  0.5918 1.3905 0.3284 0.8759 0.3076 0.0699 
Run:   26  0.5830 1.4786 0.3475 0.9239 0.3823 0.0928 
Run:   27  0.4871 1.4280 0.2989 0.8420 0.4109 0.0893 
Run:   28  0.5693 1.5360 0.3066 0.9035 0.2768 0.0914 
Run:   29  0.5544 1.3456 0.3245 0.9101 0.2860 0.0770 
Run:   30  0.6560 1.2782 0.3202 0.9469 0.2689 0.0835 
Run:   31  0.5314 1.4659 0.3400 0.8465 0.3142 0.0828 
Run:   32  0.5812 1.4921 0.3536 0.9009 0.3252 0.0712 
Run:   33  0.5895 1.4422 0.3274 0.8315 0.4573 0.0769 
Run:   34  0.5302 1.3657 0.3139 0.8787 0.3227 0.0739 
Run:   35  0.5475 1.4987 0.3094 0.8566 0.3405 0.0714 
Run:   36  0.5487 1.4129 0.3500 0.8954 0.3613 0.0749 
Run:   37  0.4945 1.3227 0.3351 0.8775 0.4645 0.0941 
Run:   38  0.5682 1.5536 0.3442 0.8571 0.3601 0.0783 
Run:   39  0.5763 1.5638 0.3301 0.8615 0.3838 0.0726 
Run:   40  0.5991 1.4433 0.3370 0.9127 0.2631 0.0745 
Run:   41  0.6154 1.3497 0.3115 0.8329 0.5022 0.1028 
Run:   42  0.5354 1.5175 0.3657 0.8415 0.2801 0.0634 
Run:   43  0.5098 1.2075 0.3601 0.8632 0.3685 0.0947 
Run:   44  0.5678 1.1724 0.3279 0.8929 0.3358 0.0866 
Run:   45  0.5073 1.5233 0.3476 0.8578 0.3041 0.0712 
Run:   46  0.5857 1.4509 0.3595 0.8672 0.3166 0.0702 
Run:   47  0.6288 1.5374 0.3266 0.8227 0.3376 0.0585 
Run:   48  0.5484 1.5149 0.3236 0.8735 0.2932 0.0843 
Run:   49  0.5958 1.3450 0.3321 0.8495 0.3370 0.0702 
Run:   50  0.6338 1.3345 0.2985 0.8602 0.4326 0.0824 
Run:   51  0.5484 1.1199 0.2991 0.9005 0.2943 0.1060 
Run:   52  0.5496 1.5314 0.3009 0.8177 0.3609 0.0753 
Run:   53  0.5479 1.4879 0.3142 0.8514 0.4002 0.0783 
Run:   54  0.5783 1.6689 0.3303 0.8459 0.3151 0.0754 
Run:   55  0.5832 1.5991 0.3422 0.8724 0.3207 0.0730 
Run:   56  0.6110 1.6096 0.3034 0.8193 0.3446 0.0614 
Run:   57  0.6142 1.6061 0.3244 0.8061 0.3507 0.0684 
Run:   58  0.6375 1.6753 0.3457 0.8476 0.3174 0.0656 
Run:   59  0.5200 1.2331 0.3156 0.8941 0.2793 0.0865 
Run:   60  0.5739 1.3966 0.3378 0.9179 0.3752 0.0910 
Run:   61  0.5510 1.4531 0.3359 0.8502 0.3787 0.0785 
Run:   62  0.5280 1.1281 0.3095 0.8921 0.4133 0.0951 
Run:   63  0.5596 1.4737 0.3371 0.9014 0.3812 0.0975 
Run:   64  0.5406 1.4193 0.3179 0.8379 0.3410 0.0731 
Run:   65  0.6250 1.4414 0.2996 0.8332 0.3507 0.0749 
Run:   66  0.5988 1.3774 0.3390 0.8723 0.3937 0.0806 
Run:   67  0.4944 1.5540 0.3124 0.8388 0.3407 0.0692 
Run:   68  0.5513 1.5297 0.3570 0.8608 0.2540 0.0726 
Run:   69  0.5565 1.2565 0.3340 0.9013 0.3321 0.0833 
Run:   70  0.5450 1.4620 0.3327 0.8788 0.3395 0.0900 
Run:   71  0.4947 1.5670 0.3202 0.8694 0.2809 0.0626 
Run:   72  0.5072 1.4408 0.3566 0.8582 0.2940 0.0709 
Run:   73  0.5668 1.4679 0.2904 0.8143 0.3521 0.0740 
Run:   74  0.5750 1.4376 0.3779 0.9179 0.3239 0.0849 
Run:   75  0.5384 1.5334 0.3271 0.8389 0.3061 0.0654 
Run:   76  0.5381 1.5636 0.3161 0.7852 0.3659 0.0588 
Run:   77  0.4985 1.4907 0.3383 0.8608 0.3494 0.0799 
Run:   78  0.5216 1.5651 0.3037 0.8264 0.3309 0.0733 
Run:   79  0.5109 1.4304 0.3014 0.8446 0.3946 0.0768 
Run:   80  0.6486 1.4392 0.3620 0.8582 0.4123 0.0707 
Run:   81  0.5363 1.5778 0.3275 0.7913 0.4423 0.0792 
Run:   82  0.6444 1.4412 0.3098 0.8822 0.3572 0.0850 
Run:   83  0.5604 1.0651 0.3503 0.9200 0.3496 0.0983 
Run:   84  0.5590 1.5342 0.3273 0.8866 0.2942 0.0706 
Run:   85  0.5438 1.1595 0.3153 0.9119 0.3450 0.0905 
Run:   86  0.5923 1.4286 0.3250 0.8633 0.3631 0.0850 
Run:   87  0.5851 1.3268 0.3183 0.8625 0.3734 0.0716 
Run:   88  0.5778 1.4000 0.3379 0.9071 0.3528 0.0790 
Run:   89  0.5383 1.4537 0.3390 0.9115 0.2797 0.0873 
Run:   90  0.5521 1.2067 0.3617 0.9047 0.2996 0.0783 
Run:   91  0.5923 1.3043 0.2860 0.8783 0.4205 0.0925 
Run:   92  0.4770 1.3902 0.3350 0.8702 0.3878 0.0769 
Run:   93  0.6419 1.4285 0.3210 0.8332 0.4025 0.0719 
Run:   94  0.5979 1.5319 0.2984 0.8474 0.3819 0.0807 
Run:   95  0.5963 1.6934 0.3263 0.8414 0.4205 0.0807 
Run:   96  0.5233 1.5534 0.3261 0.7767 0.4333 0.0585 
Run:   97  0.6121 1.1992 0.3275 0.8919 0.3017 0.0834 
Run:   98  0.5575 1.5378 0.3245 0.8409 0.3212 0.0769 
Run:   99  0.5306 1.4818 0.3216 0.8220 0.4543 0.0850 
EL: Avg: 0.5660 Max: 0.6560 Min: 0.4770 Std: 0.0411
PR: Avg: 1.4335 Max: 1.7295 Min: 1.0651 Std: 0.1355
SM: Avg: 0.3278 Max: 0.3779 Min: 0.2860 Std: 0.0196
LM: Avg: 0.8599 Max: 0.9469 Min: 0.7767 Std: 0.0346
RN: Avg: 0.3556 Max: 0.5022 Min: 0.2512 Std: 0.0530
TD: Avg: 0.0782 Max: 0.1060 Min: 0.0550 Std: 0.0101
XT: Avg: 1.0068 Max: 1.0401 Min: 0.9714 Std: 0.0129
