Run:    0  0.5056 2.2757 0.2533 0.6567 0.3966 0.0523 
Run:    1  0.5074 2.2802 0.2544 0.6673 0.3969 0.0524 
Run:    2  0.5074 2.2802 0.2544 0.6673 0.3969 0.0524 
Run:    3  0.5076 2.2802 0.2544 0.6673 0.3969 0.0524 
Run:    4  0.5080 2.2802 0.2544 0.6673 0.3969 0.0524 
Run:    5  0.5407 2.3202 0.2744 0.7073 0.4009 0.0565 
Run:    6  0.5398 2.3202 0.2744 0.7073 0.4009 0.0565 
Run:    7  0.5087 2.2802 0.2544 0.6673 0.3969 0.0524 
Run:    8  0.5075 2.2802 0.2544 0.6673 0.3969 0.0524 
Run:    9  0.5066 2.2757 0.2533 0.6628 0.3966 0.0523 
Run:   10  0.5419 2.3202 0.2744 0.7013 0.4009 0.0565 
Run:   11  0.5055 2.2757 0.2533 0.6628 0.3966 0.0523 
Run:   12  0.5412 2.3202 0.2744 0.7073 0.4009 0.0565 
Run:   13  0.5420 2.3202 0.2744 0.7013 0.4009 0.0565 
Run:   14  0.5407 2.3202 0.2744 0.7073 0.4009 0.0565 
Run:   15  0.5413 2.3202 0.2744 0.7073 0.4009 0.0565 
Run:   16  0.5074 2.2802 0.2544 0.6673 0.3969 0.0524 
Run:   17  0.5077 2.2802 0.2544 0.6673 0.3969 0.0524 
Run:   18  0.5412 2.3202 0.2744 0.7013 0.4009 0.0565 
Run:   19  0.5085 2.2802 0.2544 0.6673 0.3969 0.0524 
Run:   20  0.5408 2.3202 0.2744 0.7073 0.4009 0.0565 
Run:   21  0.5410 2.3202 0.2744 0.7073 0.4009 0.0565 
Run:   22  0.5094 2.2802 0.2544 0.6613 0.3969 0.0524 
Run:   23  0.5407 2.3202 0.2744 0.7073 0.4009 0.0565 
Run:   24  0.5404 2.3202 0.2744 0.7073 0.4009 0.0565 
Run:   25  0.5080 2.2757 0.2533 0.6628 0.3966 0.0523 
Run:   26  0.5407 2.3202 0.2744 0.7073 0.4009 0.0565 
Run:   27  0.5073 2.2757 0.2533 0.6628 0.3966 0.0523 
Run:   28  0.5072 2.2802 0.2544 0.6673 0.3969 0.0524 
Run:   29  0.5049 2.2757 0.2533 0.6567 0.3966 0.0523 
Run:   30  0.5433 2.3202 0.2744 0.7013 0.4009 0.0565 
Run:   31  0.5430 2.3202 0.2744 0.7013 0.4009 0.0565 
Run:   32  0.5421 2.3202 0.2744 0.7073 0.4009 0.0565 
Run:   33  0.5085 2.2757 0.2533 0.6567 0.3966 0.0523 
Run:   34  0.5069 2.2757 0.2533 0.6628 0.3966 0.0523 
Run:   35  0.5407 2.3202 0.2744 0.7073 0.4009 0.0565 
Run:   36  0.5087 2.2802 0.2544 0.6613 0.3969 0.0524 
Run:   37  0.5409 2.3202 0.2744 0.7073 0.4009 0.0565 
Run:   38  0.5412 2.3202 0.2744 0.7073 0.4009 0.0565 
Run:   39  0.5068 2.2802 0.2544 0.6673 0.3969 0.0524 
Run:   40  0.5411 2.3202 0.2744 0.7073 0.4009 0.0565 
Run:   41  0.5088 2.2802 0.2544 0.6613 0.3969 0.0524 
Run:   42  0.5081 2.2802 0.2544 0.6673 0.3969 0.0524 
Run:   43  0.5407 2.3202 0.2744 0.7073 0.4009 0.0565 
Run:   44  0.5405 2.3202 0.2744 0.7073 0.4009 0.0565 
Run:   45  0.5421 2.3202 0.2744 0.7013 0.4009 0.0565 
Run:   46  0.5091 2.2802 0.2544 0.6613 0.3969 0.0524 
Run:   47  0.5085 2.2757 0.2533 0.6628 0.3966 0.0523 
Run:   48  0.5069 2.2757 0.2533 0.6628 0.3966 0.0523 
Run:   49  0.5095 2.2802 0.2544 0.6613 0.3969 0.0524 
Run:   50  0.5079 2.2802 0.2544 0.6673 0.3969 0.0524 
Run:   51  0.5399 2.3202 0.2744 0.7073 0.4009 0.0565 
Run:   52  0.5413 2.3202 0.2744 0.7073 0.4009 0.0565 
Run:   53  0.5083 2.2802 0.2544 0.6673 0.3969 0.0524 
Run:   54  0.5407 2.3202 0.2744 0.7013 0.4009 0.0565 
Run:   55  0.5097 2.2802 0.2544 0.6613 0.3969 0.0524 
Run:   56  0.5091 2.2802 0.2544 0.6613 0.3969 0.0524 
Run:   57  0.5057 2.2757 0.2533 0.6628 0.3966 0.0523 
Run:   58  0.5077 2.2757 0.2533 0.6628 0.3966 0.0523 
Run:   59  0.5403 2.3202 0.2744 0.7073 0.4009 0.0565 
Run:   60  0.5037 2.2757 0.2533 0.6628 0.3966 0.0523 
Run:   61  0.5408 2.3202 0.2744 0.7073 0.4009 0.0565 
Run:   62  0.5078 2.2802 0.2544 0.6613 0.3969 0.0524 
Run:   63  0.5063 2.2802 0.2544 0.6673 0.3969 0.0524 
Run:   64  0.5417 2.3202 0.2744 0.7073 0.4009 0.0565 
Run:   65  0.5410 2.3202 0.2744 0.7073 0.4009 0.0565 
Run:   66  0.5063 2.2802 0.2544 0.6673 0.3969 0.0524 
Run:   67  0.5075 2.2802 0.2544 0.6673 0.3969 0.0524 
Run:   68  0.5401 2.3202 0.2744 0.7073 0.4009 0.0565 
Run:   69  0.5432 2.3202 0.2744 0.7013 0.4009 0.0565 
Run:   70  0.5401 2.3202 0.2744 0.7073 0.4009 0.0565 
Run:   71  0.5079 2.2802 0.2544 0.6673 0.3969 0.0524 
Run:   72  0.5091 2.2802 0.2544 0.6613 0.3969 0.0524 
Run:   73  0.5085 2.2757 0.2533 0.6567 0.3966 0.0523 
Run:   74  0.5075 2.2802 0.2544 0.6673 0.3969 0.0524 
Run:   75  0.5410 2.3202 0.2744 0.7073 0.4009 0.0565 
Run:   76  0.5058 2.2757 0.2533 0.6628 0.3966 0.0523 
Run:   77  0.5084 2.2802 0.2544 0.6613 0.3969 0.0524 
Run:   78  0.5074 2.2757 0.2533 0.6628 0.3966 0.0523 
Run:   79  0.5089 2.2802 0.2544 0.6613 0.3969 0.0524 
Run:   80  0.5412 2.3202 0.2744 0.7013 0.4009 0.0565 
Run:   81  0.5079 2.2802 0.2544 0.6673 0.3969 0.0524 
Run:   82  0.5084 2.2802 0.2544 0.6673 0.3969 0.0524 
Run:   83  0.5404 2.3202 0.2744 0.7073 0.4009 0.0565 
Run:   84  0.5089 2.2802 0.2544 0.6613 0.3969 0.0524 
Run:   85  0.5060 2.2757 0.2533 0.6628 0.3966 0.0523 
Run:   86  0.5088 2.2757 0.2533 0.6567 0.3966 0.0523 
Run:   87  0.5078 2.2802 0.2544 0.6613 0.3969 0.0524 
Run:   88  0.5397 2.3202 0.2744 0.7073 0.4009 0.0565 
Run:   89  0.5091 2.2802 0.2544 0.6613 0.3969 0.0524 
Run:   90  0.5080 2.2802 0.2544 0.6673 0.3969 0.0524 
Run:   91  0.5409 2.3202 0.2744 0.7073 0.4009 0.0565 
Run:   92  0.5424 2.3202 0.2744 0.7013 0.4009 0.0565 
Run:   93  0.5080 2.2802 0.2544 0.6673 0.3969 0.0524 
Run:   94  0.5051 2.2757 0.2533 0.6567 0.3966 0.0523 
Run:   95  0.5078 2.2802 0.2544 0.6673 0.3969 0.0524 
Run:   96  0.5069 2.2757 0.2533 0.6567 0.3966 0.0523 
Run:   97  0.5070 2.2802 0.2544 0.6673 0.3969 0.0524 
Run:   98  0.5425 2.3202 0.2744 0.7013 0.4009 0.0565 
Run:   99  0.5403 2.3202 0.2744 0.7073 0.4009 0.0565 
EL: Avg: 0.5214 Max: 0.5433 Min: 0.5037 Std: 0.0166
PR: Avg: 2.2957 Max: 2.3202 Min: 2.2757 Std: 0.0206
SM: Avg: 0.2624 Max: 0.2744 Min: 0.2533 Std: 0.0101
LM: Avg: 0.6809 Max: 0.7073 Min: 0.6567 Std: 0.0210
RN: Avg: 0.3984 Max: 0.4009 Min: 0.3966 Std: 0.0020
TD: Avg: 0.0540 Max: 0.0565 Min: 0.0523 Std: 0.0020
XT: Avg: 0.9645 Max: 0.9890 Min: 0.9445 Std: 0.0206
