Run:    0  0.3560 1.7343 0.2793 0.8173 0.5769 0.1062 
Run:    1  0.3553 1.7343 0.2793 0.8173 0.5769 0.1066 
Run:    2  0.3581 1.7343 0.2793 0.8173 0.5769 0.1062 
Run:    3  0.3649 1.7343 0.2793 0.8173 0.5769 0.1066 
Run:    4  0.3693 1.7343 0.2793 0.8173 0.5769 0.1066 
Run:    5  0.3651 1.7343 0.2793 0.8173 0.5769 0.1066 
Run:    6  0.3554 1.7343 0.2793 0.8173 0.5769 0.1066 
Run:    7  0.3568 1.7343 0.2793 0.8173 0.5769 0.1066 
Run:    8  0.3657 1.7343 0.2793 0.8173 0.5769 0.1066 
Run:    9  0.3650 1.7343 0.2793 0.8173 0.5769 0.1066 
Run:   10  0.3586 1.7343 0.2793 0.8173 0.5769 0.1066 
Run:   11  0.3656 1.7343 0.2793 0.8173 0.5769 0.1066 
Run:   12  0.3598 1.7343 0.2793 0.8173 0.5769 0.1066 
Run:   13  0.3688 1.7343 0.2793 0.8173 0.5766 0.1050 
Run:   14  0.3690 1.7343 0.2793 0.8173 0.5766 0.1050 
Run:   15  0.3653 1.7343 0.2793 0.8173 0.5769 0.1066 
Run:   16  0.3607 1.7343 0.2793 0.8173 0.5769 0.1066 
Run:   17  0.3590 1.7343 0.2793 0.8173 0.5769 0.1062 
Run:   18  0.3679 1.7343 0.2793 0.8173 0.5769 0.1066 
Run:   19  0.3610 1.7343 0.2793 0.8173 0.5769 0.1062 
Run:   20  0.3696 1.7343 0.2793 0.8173 0.5766 0.1050 
Run:   21  0.3566 1.7343 0.2793 0.8173 0.5769 0.1062 
Run:   22  0.3671 1.7343 0.2793 0.8173 0.5769 0.1066 
Run:   23  0.3634 1.7343 0.2793 0.8173 0.5769 0.1066 
Run:   24  0.3608 1.7343 0.2793 0.8173 0.5769 0.1066 
Run:   25  0.3637 1.7343 0.2793 0.8173 0.5769 0.1066 
Run:   26  0.3561 1.7343 0.2793 0.8173 0.5769 0.1066 
Run:   27  0.3596 1.7343 0.2793 0.8173 0.5769 0.1066 
Run:   28  0.3644 1.7343 0.2793 0.8173 0.5769 0.1066 
Run:   29  0.3486 1.7035 0.2716 0.7865 0.5735 0.1030 
Run:   30  0.3591 1.7343 0.2793 0.8173 0.5769 0.1062 
Run:   31  0.3628 1.7343 0.2793 0.8173 0.5769 0.1062 
Run:   32  0.3621 1.7343 0.2793 0.8173 0.5769 0.1066 
Run:   33  0.3596 1.7343 0.2793 0.8173 0.5769 0.1066 
Run:   34  0.3594 1.7343 0.2793 0.8173 0.5769 0.1066 
Run:   35  0.3668 1.7343 0.2793 0.8173 0.5769 0.1066 
Run:   36  0.3666 1.7343 0.2793 0.8173 0.5769 0.1066 
Run:   37  0.3613 1.7343 0.2793 0.8173 0.5769 0.1066 
Run:   38  0.3570 1.7343 0.2793 0.8173 0.5769 0.1062 
Run:   39  0.3529 1.7035 0.2716 0.7865 0.5735 0.1030 
Run:   40  0.3645 1.7343 0.2793 0.8173 0.5769 0.1066 
Run:   41  0.3638 1.7343 0.2793 0.8173 0.5769 0.1066 
Run:   42  0.3627 1.7343 0.2793 0.8173 0.5769 0.1066 
Run:   43  0.3667 1.7343 0.2793 0.8173 0.5769 0.1066 
Run:   44  0.3602 1.7343 0.2793 0.8173 0.5769 0.1062 
Run:   45  0.3487 1.7035 0.2716 0.7865 0.5735 0.1030 
Run:   46  0.3648 1.7343 0.2793 0.8173 0.5769 0.1066 
Run:   47  0.3606 1.7343 0.2793 0.8173 0.5769 0.1062 
Run:   48  0.3613 1.7343 0.2793 0.8173 0.5769 0.1066 
Run:   49  0.3620 1.7343 0.2793 0.8173 0.5769 0.1066 
Run:   50  0.3635 1.7343 0.2793 0.8173 0.5769 0.1066 
Run:   51  0.3632 1.7343 0.2793 0.8173 0.5769 0.1062 
Run:   52  0.3596 1.7343 0.2793 0.8173 0.5769 0.1066 
Run:   53  0.3608 1.7343 0.2793 0.8173 0.5769 0.1066 
Run:   54  0.3640 1.7343 0.2793 0.8173 0.5769 0.1066 
Run:   55  0.3503 1.7035 0.2716 0.7865 0.5735 0.1030 
Run:   56  0.3624 1.7343 0.2793 0.8173 0.5766 0.1050 
Run:   57  0.3607 1.7343 0.2793 0.8173 0.5769 0.1062 
Run:   58  0.3619 1.7343 0.2793 0.8173 0.5769 0.1066 
Run:   59  0.3474 1.7035 0.2716 0.7865 0.5735 0.1030 
Run:   60  0.3593 1.7343 0.2793 0.8173 0.5769 0.1062 
Run:   61  0.3598 1.7343 0.2793 0.8173 0.5769 0.1066 
Run:   62  0.3629 1.7343 0.2793 0.8173 0.5769 0.1066 
Run:   63  0.3658 1.7343 0.2793 0.8173 0.5769 0.1066 
Run:   64  0.3604 1.7343 0.2793 0.8173 0.5769 0.1062 
Run:   65  0.3615 1.7343 0.2793 0.8173 0.5769 0.1066 
Run:   66  0.3600 1.7343 0.2793 0.8173 0.5769 0.1066 
Run:   67  0.3638 1.7343 0.2793 0.8173 0.5769 0.1066 
Run:   68  0.3613 1.7343 0.2793 0.8173 0.5769 0.1066 
Run:   69  0.3582 1.7343 0.2793 0.8173 0.5769 0.1066 
Run:   70  0.3601 1.7343 0.2793 0.8173 0.5769 0.1066 
Run:   71  0.3638 1.7343 0.2793 0.8173 0.5769 0.1066 
Run:   72  0.3651 1.7343 0.2793 0.8173 0.5769 0.1066 
Run:   73  0.3567 1.7343 0.2793 0.8173 0.5769 0.1066 
Run:   74  0.3608 1.7343 0.2793 0.8173 0.5769 0.1066 
Run:   75  0.3683 1.7343 0.2793 0.8173 0.5769 0.1066 
Run:   76  0.3934 1.7343 0.2793 0.8173 0.5769 0.1066 
Run:   77  0.3629 1.7343 0.2793 0.8173 0.5769 0.1066 
Run:   78  0.3585 1.7343 0.2793 0.8173 0.5769 0.1062 
Run:   79  0.3621 1.7343 0.2793 0.8173 0.5769 0.1066 
Run:   80  0.3629 1.7343 0.2793 0.8173 0.5769 0.1066 
Run:   81  0.3628 1.7343 0.2793 0.8173 0.5769 0.1062 
Run:   82  0.3515 1.7035 0.2716 0.7865 0.5735 0.1030 
Run:   83  0.3624 1.7343 0.2793 0.8173 0.5769 0.1066 
Run:   84  0.3663 1.7343 0.2793 0.8173 0.5769 0.1066 
Run:   85  0.3509 1.7035 0.2716 0.7865 0.5735 0.1030 
Run:   86  0.3618 1.7343 0.2793 0.8173 0.5769 0.1066 
Run:   87  0.3600 1.7343 0.2793 0.8173 0.5769 0.1062 
Run:   88  0.3608 1.7343 0.2793 0.8173 0.5769 0.1066 
Run:   89  0.3600 1.7343 0.2793 0.8173 0.5769 0.1066 
Run:   90  0.3597 1.7343 0.2793 0.8173 0.5769 0.1062 
Run:   91  0.3583 1.7343 0.2793 0.8173 0.5769 0.1062 
Run:   92  0.3643 1.7343 0.2793 0.8173 0.5769 0.1066 
Run:   93  0.3634 1.7343 0.2793 0.8173 0.5769 0.1066 
Run:   94  0.3614 1.7343 0.2793 0.8173 0.5769 0.1066 
Run:   95  0.3610 1.7343 0.2793 0.8173 0.5769 0.1062 
Run:   96  0.3616 1.7343 0.2793 0.8173 0.5769 0.1066 
Run:   97  0.3583 1.7343 0.2793 0.8173 0.5769 0.1066 
Run:   98  0.3651 1.7343 0.2793 0.8173 0.5769 0.1066 
Run:   99  0.3645 1.7343 0.2793 0.8173 0.5769 0.1066 
EL: Avg: 0.3616 Max: 0.3934 Min: 0.3474 Std: 0.0055
PR: Avg: 1.7322 Max: 1.7343 Min: 1.7035 Std: 0.0079
SM: Avg: 0.2788 Max: 0.2793 Min: 0.2716 Std: 0.0020
LM: Avg: 0.8151 Max: 0.8173 Min: 0.7865 Std: 0.0079
RN: Avg: 0.5767 Max: 0.5769 Min: 0.5735 Std: 0.0009
TD: Avg: 0.1062 Max: 0.1066 Min: 0.1030 Std: 0.0010
XT: Avg: 0.9922 Max: 0.9944 Min: 0.9636 Std: 0.0079
