Run:    0  0.7147 2.1913 0.2491 0.6981 0.4564 0.0564 
Run:    1  0.7294 2.1251 0.2491 0.6981 0.4509 0.0510 
Run:    2  0.7148 2.1913 0.2491 0.6981 0.4564 0.0564 
Run:    3  0.7295 2.1251 0.2491 0.6981 0.4509 0.0510 
Run:    4  0.7148 2.1913 0.2491 0.6981 0.4564 0.0564 
Run:    5  0.7154 2.1913 0.2491 0.6981 0.4564 0.0564 
Run:    6  0.7148 2.1913 0.2491 0.6981 0.4564 0.0564 
Run:    7  0.7140 2.1913 0.2491 0.6981 0.4564 0.0564 
Run:    8  0.7185 2.1913 0.2491 0.6981 0.4564 0.0564 
Run:    9  0.7319 2.1251 0.2491 0.6981 0.4509 0.0510 
Run:   10  0.7298 2.1251 0.2491 0.6981 0.4509 0.0510 
Run:   11  0.7170 2.1913 0.2491 0.6981 0.4564 0.0564 
Run:   12  0.7172 2.1913 0.2491 0.6981 0.4564 0.0564 
Run:   13  0.7310 2.1251 0.2491 0.6981 0.4509 0.0510 
Run:   14  0.7161 2.1913 0.2491 0.6981 0.4564 0.0564 
Run:   15  0.7315 2.1251 0.2491 0.6981 0.4509 0.0510 
Run:   16  0.7147 2.1913 0.2491 0.6981 0.4564 0.0564 
Run:   17  0.7169 2.1913 0.2491 0.6981 0.4564 0.0564 
Run:   18  0.7171 2.1913 0.2491 0.6981 0.4564 0.0564 
Run:   19  0.7175 2.1913 0.2491 0.6981 0.4564 0.0564 
Run:   20  0.7178 2.1913 0.2491 0.6981 0.4564 0.0564 
Run:   21  0.7172 2.1913 0.2491 0.6981 0.4564 0.0564 
Run:   22  0.7187 2.1913 0.2491 0.6981 0.4564 0.0564 
Run:   23  0.7316 2.1251 0.2491 0.6981 0.4509 0.0510 
Run:   24  0.7152 2.1913 0.2491 0.6981 0.4564 0.0564 
Run:   25  0.7173 2.1913 0.2491 0.6981 0.4564 0.0564 
Run:   26  0.7155 2.1913 0.2491 0.6981 0.4564 0.0564 
Run:   27  0.7311 2.1251 0.2491 0.6981 0.4509 0.0510 
Run:   28  0.7155 2.1913 0.2491 0.6981 0.4564 0.0564 
Run:   29  0.7190 2.1913 0.2491 0.6981 0.4564 0.0564 
Run:   30  0.7298 2.1251 0.2491 0.6981 0.4509 0.0510 
Run:   31  0.7310 2.1251 0.2491 0.6981 0.4509 0.0510 
Run:   32  0.7185 2.1913 0.2491 0.6981 0.4564 0.0564 
Run:   33  0.7163 2.1913 0.2491 0.6981 0.4564 0.0564 
Run:   34  0.7158 2.1913 0.2491 0.6981 0.4564 0.0564 
Run:   35  0.7173 2.1868 0.2480 0.6936 0.4562 0.0564 
Run:   36  0.7311 2.1251 0.2491 0.6981 0.4509 0.0510 
Run:   37  0.7165 2.1913 0.2491 0.6981 0.4564 0.0564 
Run:   38  0.7312 2.1251 0.2491 0.6981 0.4509 0.0510 
Run:   39  0.7170 2.1913 0.2491 0.6981 0.4564 0.0564 
Run:   40  0.7176 2.1913 0.2491 0.6981 0.4564 0.0564 
Run:   41  0.7170 2.1913 0.2491 0.6981 0.4564 0.0564 
Run:   42  0.7313 2.1251 0.2491 0.6981 0.4509 0.0510 
Run:   43  0.7306 2.1251 0.2491 0.6981 0.4509 0.0510 
Run:   44  0.7168 2.1913 0.2491 0.6981 0.4564 0.0564 
Run:   45  0.7293 2.1251 0.2491 0.6981 0.4509 0.0510 
Run:   46  0.7309 2.1251 0.2491 0.6981 0.4509 0.0510 
Run:   47  0.7163 2.1913 0.2491 0.6981 0.4564 0.0564 
Run:   48  0.7296 2.1251 0.2491 0.6981 0.4509 0.0510 
Run:   49  0.7177 2.1913 0.2491 0.6981 0.4564 0.0564 
Run:   50  0.7314 2.1251 0.2491 0.6981 0.4509 0.0510 
Run:   51  0.7317 2.1251 0.2491 0.6981 0.4509 0.0510 
Run:   52  0.7189 2.1913 0.2491 0.6981 0.4564 0.0564 
Run:   53  0.7304 2.1251 0.2491 0.6981 0.4509 0.0510 
Run:   54  0.7308 2.1251 0.2491 0.6981 0.4509 0.0510 
Run:   55  0.7302 2.1251 0.2491 0.6981 0.4509 0.0510 
Run:   56  0.7162 2.1913 0.2491 0.6981 0.4564 0.0564 
Run:   57  0.7170 2.1913 0.2491 0.6981 0.4564 0.0564 
Run:   58  0.7284 2.1251 0.2491 0.6981 0.4509 0.0510 
Run:   59  0.7209 2.1913 0.2491 0.6981 0.4564 0.0564 
Run:   60  0.7171 2.1913 0.2491 0.6981 0.4564 0.0564 
Run:   61  0.7164 2.1913 0.2491 0.6981 0.4564 0.0564 
Run:   62  0.7161 2.1913 0.2491 0.6981 0.4564 0.0564 
Run:   63  0.7308 2.1251 0.2491 0.6981 0.4509 0.0510 
Run:   64  0.7187 2.1913 0.2491 0.6981 0.4564 0.0564 
Run:   65  0.7188 2.1913 0.2491 0.6981 0.4564 0.0564 
Run:   66  0.7178 2.1913 0.2491 0.6981 0.4564 0.0564 
Run:   67  0.7319 2.1251 0.2491 0.6981 0.4509 0.0510 
Run:   68  0.7182 2.1913 0.2491 0.6981 0.4564 0.0564 
Run:   69  0.7297 2.1251 0.2491 0.6981 0.4509 0.0510 
Run:   70  0.7175 2.1913 0.2491 0.6981 0.4564 0.0564 
Run:   71  0.7311 2.1251 0.2491 0.6981 0.4509 0.0510 
Run:   72  0.7309 2.1251 0.2491 0.6981 0.4509 0.0510 
Run:   73  0.7294 2.1251 0.2491 0.6981 0.4509 0.0510 
Run:   74  0.7301 2.1251 0.2491 0.6981 0.4509 0.0510 
Run:   75  0.7162 2.1913 0.2491 0.6981 0.4564 0.0564 
Run:   76  0.7302 2.1251 0.2491 0.6981 0.4509 0.0510 
Run:   77  0.7306 2.1251 0.2491 0.6981 0.4509 0.0510 
Run:   78  0.7291 2.1251 0.2491 0.6981 0.4509 0.0510 
Run:   79  0.7164 2.1913 0.2491 0.6981 0.4564 0.0564 
Run:   80  0.7303 2.1251 0.2491 0.6981 0.4509 0.0510 
Run:   81  0.7291 2.1251 0.2491 0.6981 0.4509 0.0510 
Run:   82  0.7162 2.1913 0.2491 0.6981 0.4564 0.0564 
Run:   83  0.7306 2.1251 0.2491 0.6981 0.4509 0.0510 
Run:   84  0.7162 2.1913 0.2491 0.6981 0.4564 0.0564 
Run:   85  0.7308 2.1251 0.2491 0.6981 0.4509 0.0510 
Run:   86  0.7300 2.1251 0.2491 0.6981 0.4509 0.0510 
Run:   87  0.7317 2.1251 0.2491 0.6981 0.4509 0.0510 
Run:   88  0.7309 2.1251 0.2491 0.6981 0.4509 0.0510 
Run:   89  0.7162 2.1913 0.2491 0.6981 0.4564 0.0564 
Run:   90  0.7313 2.1251 0.2491 0.6981 0.4509 0.0510 
Run:   91  0.7151 2.1913 0.2491 0.6981 0.4564 0.0564 
Run:   92  0.7174 2.1913 0.2491 0.6981 0.4564 0.0564 
Run:   93  0.7306 2.1251 0.2491 0.6981 0.4509 0.0510 
Run:   94  0.7157 2.1913 0.2491 0.6981 0.4564 0.0564 
Run:   95  0.7167 2.1913 0.2491 0.6981 0.4564 0.0564 
Run:   96  0.7171 2.1913 0.2491 0.6981 0.4564 0.0564 
Run:   97  0.7170 2.1913 0.2491 0.6981 0.4564 0.0564 
Run:   98  0.7157 2.1913 0.2491 0.6981 0.4564 0.0564 
Run:   99  0.7192 2.1913 0.2491 0.6981 0.4564 0.0564 
EL: Avg: 0.7226 Max: 0.7319 Min: 0.7140 Std: 0.0069
PR: Avg: 2.1635 Max: 2.1913 Min: 2.1251 Std: 0.0328
SM: Avg: 0.2491 Max: 0.2491 Min: 0.2480 Std: 0.0001
LM: Avg: 0.6981 Max: 0.6981 Min: 0.6936 Std: 0.0005
RN: Avg: 0.4541 Max: 0.4564 Min: 0.4509 Std: 0.0027
TD: Avg: 0.0541 Max: 0.0564 Min: 0.0510 Std: 0.0027
XT: Avg: 0.9626 Max: 0.9626 Min: 0.9581 Std: 0.0005
