Run:    0  0.8759 1.8464 0.3166 0.8126 0.4687 0.0617
Run:    1  0.8753 1.8464 0.3166 0.8126 0.4687 0.0617
Run:    2  0.8720 1.8328 0.3154 0.8080 0.4684 0.0617
Run:    3  0.8944 1.8559 0.3052 0.8195 0.4875 0.0650
Run:    4  0.8927 1.8514 0.3052 0.8283 0.4872 0.0647
Run:    5  0.8772 1.8464 0.3166 0.8126 0.4687 0.0617
Run:    6  0.8774 1.8464 0.3166 0.8126 0.4691 0.0618
Run:    7  0.8901 1.8468 0.3041 0.8150 0.4872 0.0650
Run:    8  0.8756 1.8464 0.3166 0.8126 0.4687 0.0617
Run:    9  0.8886 1.8419 0.3016 0.8101 0.4868 0.0647
Run:   10  0.8774 1.8464 0.3166 0.8126 0.4687 0.0617
Run:   11  0.8834 1.8468 0.3041 0.8175 0.4872 0.0650
Run:   12  0.8751 1.8283 0.3004 0.8080 0.4861 0.0645
Run:   13  0.8481 1.8019 0.2816 0.7701 0.4832 0.0609
Run:   14  0.8758 1.8283 0.3004 0.8080 0.4861 0.0645
Run:   15  0.8826 1.8464 0.3166 0.8126 0.4687 0.0617
Run:   16  0.8925 1.8514 0.3052 0.8283 0.4872 0.0647
Run:   17  0.8738 1.8283 0.3004 0.8080 0.4861 0.0645
Run:   18  0.8762 1.8464 0.3166 0.8126 0.4691 0.0618
Run:   19  0.8858 1.8555 0.3038 0.8217 0.4875 0.0647
Run:   20  0.8802 1.8419 0.3016 0.8126 0.4864 0.0645
Run:   21  0.8767 1.8464 0.3166 0.8126 0.4687 0.0617
Run:   22  0.8806 1.8464 0.3166 0.8126 0.4687 0.0617
Run:   23  0.8883 1.8468 0.3041 0.8150 0.4872 0.0650
Run:   24  0.8801 1.8464 0.3166 0.8126 0.4687 0.0617
Run:   25  0.8775 1.8464 0.3166 0.8126 0.4691 0.0618
Run:   26  0.8921 1.8464 0.3027 0.8146 0.4872 0.0647
Run:   27  0.8736 1.8464 0.3166 0.8126 0.4687 0.0617
Run:   28  0.8545 1.8068 0.2841 0.7750 0.4835 0.0613
Run:   29  0.8842 1.8423 0.3041 0.8175 0.4871 0.0650
Run:   30  0.8544 1.8068 0.2841 0.7750 0.4835 0.0613
Run:   31  0.8842 1.8468 0.3041 0.8175 0.4872 0.0650
Run:   32  0.8809 1.8464 0.3166 0.8126 0.4687 0.0617
Run:   33  0.8795 1.8464 0.3166 0.8126 0.4687 0.0617
Run:   34  0.8955 1.8555 0.3038 0.8191 0.4875 0.0647
Run:   35  0.8805 1.8464 0.3166 0.8126 0.4687 0.0617
Run:   36  0.8831 1.8419 0.3016 0.8126 0.4864 0.0645
Run:   37  0.8611 1.8114 0.2852 0.7795 0.4839 0.0613
Run:   38  0.8609 1.8159 0.2852 0.7795 0.4838 0.0613
Run:   39  0.8811 1.8464 0.3166 0.8126 0.4687 0.0617
Run:   40  0.8727 1.8419 0.3154 0.8080 0.4683 0.0617
Run:   41  0.8762 1.8283 0.3004 0.8080 0.4861 0.0645
Run:   42  0.8778 1.8464 0.3166 0.8126 0.4691 0.0618
Run:   43  0.8798 1.8464 0.3166 0.8126 0.4687 0.0617
Run:   44  0.8784 1.8419 0.3016 0.8126 0.4868 0.0647
Run:   45  0.8790 1.8464 0.3166 0.8126 0.4687 0.0617
Run:   46  0.8730 1.8328 0.3154 0.8080 0.4684 0.0617
Run:   47  0.8777 1.8464 0.3166 0.8126 0.4687 0.0617
Run:   48  0.8973 1.8514 0.3052 0.8195 0.4876 0.0650
Run:   49  0.8712 1.8419 0.3154 0.8080 0.4683 0.0617
Run:   50  0.8716 1.8419 0.3154 0.8080 0.4687 0.0618
Run:   51  0.8924 1.8423 0.3041 0.8150 0.4871 0.0650
Run:   52  0.8918 1.8464 0.3027 0.8146 0.4872 0.0647
Run:   53  0.8786 1.8283 0.3004 0.8080 0.4861 0.0645
Run:   54  0.8819 1.8464 0.3166 0.8101 0.4691 0.0618
Run:   55  0.8822 1.8464 0.3166 0.8101 0.4691 0.0618
Run:   56  0.8742 1.8464 0.3166 0.8126 0.4687 0.0617
Run:   57  0.8894 1.8468 0.3041 0.8150 0.4872 0.0650
Run:   58  0.8704 1.8419 0.3154 0.8080 0.4683 0.0617
Run:   59  0.8803 1.8464 0.3166 0.8126 0.4691 0.0618
Run:   60  0.8727 1.8419 0.3154 0.8080 0.4683 0.0617
Run:   61  0.8810 1.8464 0.3166 0.8126 0.4687 0.0617
Run:   62  0.8845 1.8464 0.3166 0.8101 0.4691 0.0618
Run:   63  0.8537 1.8064 0.2827 0.7746 0.4836 0.0609
Run:   64  0.8766 1.8464 0.3166 0.8126 0.4687 0.0617
Run:   65  0.8468 1.7932 0.2829 0.7792 0.4828 0.0609
Run:   66  0.8769 1.8464 0.3166 0.8126 0.4687 0.0617
Run:   67  0.8587 1.8155 0.2838 0.7791 0.4839 0.0610
Run:   68  0.8789 1.8283 0.3004 0.8080 0.4861 0.0645
Run:   69  0.8913 1.8559 0.3052 0.8283 0.4871 0.0647
Run:   70  0.8806 1.8464 0.3166 0.8126 0.4687 0.0617
Run:   71  0.8914 1.8559 0.3052 0.8195 0.4875 0.0650
Run:   72  0.8728 1.8419 0.3154 0.8080 0.4683 0.0617
Run:   73  0.8856 1.8464 0.3166 0.8101 0.4691 0.0618
Run:   74  0.8931 1.8559 0.3052 0.8195 0.4875 0.0650
Run:   75  0.8496 1.8068 0.2841 0.7775 0.4835 0.0613
Run:   76  0.8800 1.8464 0.3166 0.8126 0.4687 0.0617
Run:   77  0.8561 1.8159 0.2852 0.7883 0.4835 0.0610
Run:   78  0.8487 1.8064 0.2966 0.7701 0.4654 0.0581
Run:   79  0.8506 1.8068 0.2841 0.7837 0.4832 0.0609
Run:   80  0.8744 1.8419 0.3154 0.8080 0.4683 0.0617
Run:   81  0.8817 1.8464 0.3166 0.8101 0.4691 0.0618
Run:   82  0.8913 1.8468 0.3041 0.8150 0.4872 0.0650
Run:   83  0.8786 1.8419 0.3016 0.8126 0.4868 0.0647
Run:   84  0.8773 1.8464 0.3166 0.8126 0.4687 0.0617
Run:   85  0.8765 1.8464 0.3166 0.8126 0.4687 0.0617
Run:   86  0.8913 1.8468 0.3041 0.8150 0.4872 0.0650
Run:   87  0.8767 1.8464 0.3166 0.8126 0.4691 0.0618
Run:   88  0.8793 1.8464 0.3166 0.8126 0.4687 0.0617
Run:   89  0.8764 1.8283 0.3004 0.8080 0.4861 0.0645
Run:   90  0.8803 1.8419 0.3016 0.8126 0.4864 0.0645
Run:   91  0.8776 1.8328 0.3154 0.8080 0.4684 0.0617
Run:   92  0.8871 1.8468 0.3041 0.8150 0.4872 0.0650
Run:   93  0.8793 1.8464 0.3166 0.8126 0.4691 0.0618
Run:   94  0.8790 1.8464 0.3166 0.8126 0.4687 0.0617
Run:   95  0.8912 1.8464 0.3027 0.8146 0.4872 0.0647
Run:   96  0.8519 1.7932 0.2829 0.7705 0.4832 0.0612
Run:   97  0.8861 1.8514 0.3052 0.8221 0.4872 0.0649
Run:   98  0.8847 1.8419 0.3016 0.8101 0.4868 0.0647
Run:   99  0.8752 1.8419 0.3154 0.8080 0.4683 0.0617
EL: Avg: 0.8776 Max: 0.8973 Min: 0.8468 Std: 0.0113
PR: Avg: 1.8396 Max: 1.8559 Min: 1.7932 Std: 0.0143
SM: Avg: 0.3073 Max: 0.3166 Min: 0.2816 Std: 0.0108
LM: Avg: 0.8083 Max: 0.8283 Min: 0.7701 Std: 0.0130
RN: Avg: 0.4772 Max: 0.4876 Min: 0.4654 Std: 0.0088
TD: Avg: 0.0627 Max: 0.0650 Min: 0.0581 Std: 0.0016
XT: Avg: 0.9962 Max: 1.0095 Min: 0.9600 Std: 0.0129
