Run:    0  0.4080 1.5909 0.3339 0.9406 0.4051 0.1280 
Run:    1  0.4084 1.5909 0.3339 0.9406 0.4051 0.1280 
Run:    2  0.4095 1.5236 0.3218 0.9285 0.3992 0.1275 
Run:    3  0.4046 1.5337 0.3243 0.9310 0.4042 0.1276 
Run:    4  0.4007 1.5601 0.3262 0.9098 0.4017 0.1243 
Run:    5  0.4037 1.5337 0.3243 0.9310 0.4042 0.1276 
Run:    6  0.4073 1.5236 0.3218 0.9285 0.3992 0.1275 
Run:    7  0.4092 1.5909 0.3339 0.9406 0.4051 0.1280 
Run:    8  0.4126 1.5909 0.3339 0.9406 0.4051 0.1280 
Run:    9  0.3999 1.5601 0.3262 0.9098 0.4017 0.1243 
Run:   10  0.3985 1.5601 0.3262 0.9098 0.4017 0.1243 
Run:   11  0.4059 1.5337 0.3243 0.9310 0.4042 0.1276 
Run:   12  0.4043 1.5236 0.3218 0.9285 0.3992 0.1275 
Run:   13  0.3984 1.5601 0.3262 0.9098 0.4017 0.1243 
Run:   14  0.4065 1.5337 0.3243 0.9310 0.4042 0.1276 
Run:   15  0.4091 1.5236 0.3218 0.9285 0.3992 0.1275 
Run:   16  0.4045 1.5236 0.3218 0.9285 0.3992 0.1275 
Run:   17  0.4079 1.5601 0.3262 0.9098 0.4017 0.1243 
Run:   18  0.4103 1.5236 0.3218 0.9285 0.3992 0.1275 
Run:   19  0.4003 1.5688 0.3273 0.9119 0.4032 0.1244 
Run:   20  0.4005 1.5601 0.3262 0.9098 0.4017 0.1243 
Run:   21  0.4068 1.5236 0.3218 0.9285 0.3992 0.1275 
Run:   22  0.4081 1.5909 0.3339 0.9406 0.4051 0.1280 
Run:   23  0.4040 1.5601 0.3262 0.9098 0.4017 0.1243 
Run:   24  0.4106 1.5236 0.3218 0.9285 0.3992 0.1275 
Run:   25  0.3985 1.5601 0.3262 0.9098 0.4017 0.1243 
Run:   26  0.3975 1.5688 0.3273 0.9119 0.4032 0.1244 
Run:   27  0.4059 1.5337 0.3243 0.9310 0.4042 0.1276 
Run:   28  0.4042 1.5601 0.3262 0.9098 0.4017 0.1243 
Run:   29  0.4098 1.5909 0.3339 0.9406 0.4051 0.1280 
Run:   30  0.4052 1.5236 0.3218 0.9285 0.3992 0.1275 
Run:   31  0.4006 1.5601 0.3262 0.9098 0.4017 0.1243 
Run:   32  0.4046 1.5337 0.3243 0.9310 0.4042 0.1276 
Run:   33  0.4080 1.5236 0.3218 0.9285 0.3992 0.1275 
Run:   34  0.4073 1.5337 0.3243 0.9310 0.4042 0.1276 
Run:   35  0.4100 1.5337 0.3243 0.9310 0.4042 0.1276 
Run:   36  0.4071 1.5236 0.3218 0.9285 0.3992 0.1275 
Run:   37  0.4093 1.5337 0.3243 0.9310 0.4042 0.1276 
Run:   38  0.4093 1.5909 0.3339 0.9406 0.4051 0.1280 
Run:   39  0.4079 1.5236 0.3218 0.9285 0.3992 0.1275 
Run:   40  0.4013 1.5909 0.3339 0.9406 0.4051 0.1280 
Run:   41  0.4095 1.5236 0.3218 0.9285 0.3992 0.1275 
Run:   42  0.4096 1.5909 0.3339 0.9406 0.4051 0.1280 
Run:   43  0.3979 1.5601 0.3262 0.9098 0.4017 0.1243 
Run:   44  0.4105 1.5236 0.3218 0.9285 0.3992 0.1275 
Run:   45  0.4090 1.5236 0.3218 0.9285 0.3992 0.1275 
Run:   46  0.4116 1.5909 0.3339 0.9406 0.4051 0.1280 
Run:   47  0.4067 1.5236 0.3218 0.9285 0.3992 0.1275 
Run:   48  0.4112 1.5236 0.3218 0.9285 0.3992 0.1275 
Run:   49  0.4088 1.5236 0.3218 0.9285 0.3992 0.1275 
Run:   50  0.4026 1.5601 0.3262 0.9098 0.4017 0.1243 
Run:   51  0.4042 1.5337 0.3243 0.9310 0.4042 0.1276 
Run:   52  0.4106 1.5337 0.3243 0.9310 0.4042 0.1276 
Run:   53  0.4117 1.5236 0.3218 0.9285 0.3992 0.1275 
Run:   54  0.4091 1.5909 0.3339 0.9406 0.4051 0.1280 
Run:   55  0.3959 1.5601 0.3262 0.9098 0.4017 0.1243 
Run:   56  0.4070 1.5337 0.3243 0.9310 0.4042 0.1276 
Run:   57  0.4008 1.5601 0.3262 0.9098 0.4017 0.1243 
Run:   58  0.4082 1.5044 0.3202 0.9253 0.3928 0.1274 
Run:   59  0.3974 1.5601 0.3262 0.9098 0.4017 0.1243 
Run:   60  0.3957 1.5601 0.3262 0.9098 0.4017 0.1243 
Run:   61  0.3979 1.5601 0.3262 0.9098 0.4017 0.1243 
Run:   62  0.4054 1.5337 0.3243 0.9310 0.4042 0.1276 
Run:   63  0.4027 1.5236 0.3218 0.9285 0.3992 0.1275 
Run:   64  0.4039 1.5337 0.3243 0.9310 0.4042 0.1276 
Run:   65  0.4054 1.5337 0.3243 0.9310 0.4042 0.1276 
Run:   66  0.4051 1.5236 0.3218 0.9285 0.3992 0.1275 
Run:   67  0.4084 1.5909 0.3339 0.9406 0.4051 0.1280 
Run:   68  0.4049 1.5337 0.3243 0.9310 0.4042 0.1276 
Run:   69  0.4035 1.5601 0.3262 0.9098 0.4017 0.1243 
Run:   70  0.4023 1.5601 0.3262 0.9098 0.4017 0.1243 
Run:   71  0.4036 1.5601 0.3262 0.9098 0.4017 0.1243 
Run:   72  0.4094 1.5236 0.3218 0.9285 0.3992 0.1275 
Run:   73  0.3981 1.5688 0.3273 0.9119 0.4032 0.1244 
Run:   74  0.4104 1.5236 0.3218 0.9285 0.3992 0.1275 
Run:   75  0.4104 1.5909 0.3339 0.9406 0.4051 0.1280 
Run:   76  0.4089 1.5236 0.3218 0.9285 0.3992 0.1275 
Run:   77  0.4049 1.5236 0.3218 0.9285 0.3992 0.1275 
Run:   78  0.4132 1.5236 0.3218 0.9285 0.3992 0.1275 
Run:   79  0.3980 1.5601 0.3262 0.9098 0.4017 0.1243 
Run:   80  0.4081 1.5236 0.3218 0.9285 0.3992 0.1275 
Run:   81  0.4040 1.5909 0.3339 0.9406 0.4051 0.1280 
Run:   82  0.4101 1.5236 0.3218 0.9285 0.3992 0.1275 
Run:   83  0.3966 1.5601 0.3262 0.9098 0.4017 0.1243 
Run:   84  0.4070 1.5909 0.3339 0.9406 0.4051 0.1280 
Run:   85  0.4025 1.5909 0.3339 0.9406 0.4051 0.1280 
Run:   86  0.4037 1.5337 0.3243 0.9310 0.4042 0.1276 
Run:   87  0.4113 1.5236 0.3218 0.9285 0.3992 0.1275 
Run:   88  0.4072 1.5236 0.3218 0.9285 0.3992 0.1275 
Run:   89  0.4050 1.5337 0.3243 0.9310 0.4042 0.1276 
Run:   90  0.4101 1.5236 0.3218 0.9285 0.3992 0.1275 
Run:   91  0.4067 1.5909 0.3339 0.9406 0.4051 0.1280 
Run:   92  0.3991 1.5601 0.3262 0.9098 0.4017 0.1243 
Run:   93  0.4013 1.5688 0.3273 0.9119 0.4032 0.1244 
Run:   94  0.4099 1.5337 0.3243 0.9310 0.4042 0.1276 
Run:   95  0.4064 1.5337 0.3243 0.9310 0.4042 0.1276 
Run:   96  0.4039 1.5601 0.3262 0.9098 0.4017 0.1243 
Run:   97  0.4103 1.5909 0.3339 0.9406 0.4051 0.1280 
Run:   98  0.4078 1.5236 0.3218 0.9285 0.3992 0.1275 
Run:   99  0.4019 1.5688 0.3273 0.9119 0.4032 0.1244 
EL: Avg: 0.4055 Max: 0.4132 Min: 0.3957 Std: 0.0043
PR: Avg: 1.5485 Max: 1.5909 Min: 1.5044 Std: 0.0254
SM: Avg: 0.3258 Max: 0.3339 Min: 0.3202 Std: 0.0042
LM: Avg: 0.9258 Max: 0.9406 Min: 0.9098 Std: 0.0109
RN: Avg: 0.4020 Max: 0.4051 Min: 0.3928 Std: 0.0025
TD: Avg: 0.1267 Max: 0.1280 Min: 0.1243 Std: 0.0015
XT: Avg: 1.0057 Max: 1.0263 Min: 0.9955 Std: 0.0105
