2006-12-03 78 0.7655830753353973 0.8141640866873066 2.3830495356037154 0.7738664629144505
2007-01-01 80 0.8189522342064715 0.8456086286594762 2.462403697996918 0.8227529532614278
2007-01-02 81 0.8169491525423729 0.850231124807396 2.471648690292758 0.8235244031777159
2007-01-03 81 0.8182098765432099 0.8515432098765432 2.475462962962963 0.8257664609053498
2007-01-04 80 0.8108539094650206 0.8441872427983539 2.4533950617283953 0.82014231824417
2007-01-05 90 0.8144255538382277 1.7475012879958784 2.4386398763523958 0.8997956379872917
2007-01-06 96 0.8145576131687243 1.7676183127572016 2.539429012345679 0.91219613462669
2007-01-07 83 0.6730036063884596 1.6246007212776918 2.130680061823802 0.781096309380699
2007-01-08 85 0.6698658410732714 1.627579979360165 2.121439628482972 0.7938855906735165
2007-01-09 93 0.7964857881136951 1.7511891214470283 2.497753410852713 0.9374467371723884
2007-01-10 92 0.7964857881136951 1.749328165374677 2.492170542635659 0.9659982773471146
2007-01-11 97 0.7973084886128364 2.1987064958592133 2.4534176242236025 1.1198688914768802
2007-01-12 98 0.8102125453602903 2.215034188698808 2.445569129082426 1.2386155915557853
2007-01-13 102 1.1829445308449975 2.247512156557802 2.5019454898911353 1.5086150566952197
2007-01-14 93 1.0270508826583593 1.7700155763239875 2.4908878504672898 1.2701718625784049
2007-01-15 89 1.1802392095683827 1.5320857774310972 2.4513270410816435 1.2406722300225346
2007-01-16 85 0.7986999479979199 1.153510634425377 2.46068741549662 0.8708940808013272
2007-01-17 81 0.7515104166666666 1.5515625 2.29203125 0.9061019587862319
2007-01-19 81 0.8202716823406478 0.8498960031347962 2.4805657523510973 0.8265125557297109
2007-01-20 83 0.8108672936259144 0.8653866248693834 2.531739811912226 0.819140170174653
2007-01-21 79 0.8074306645735218 0.8469911041339613 2.4811616954474096 0.8156187171224765
2007-01-22 75 0.755083857442348 0.7822851153039833 2.27751572327044 0.7585342417889588
2007-01-23 74 0.7266247379454926 0.7634176886792453 2.2190261530398323 0.7345066714599886
2007-01-24 76 0.802260778128286 0.8123554153522607 2.4186119873817034 0.8051261829652997
2007-01-25 70 0.7163243812532912 0.7419167983149025 2.165560821484992 0.7214468141126908
2007-01-26 72 0.7729857819905214 0.7914691943127962 2.309478672985782 0.774768299104792
2007-01-27 77 0.7623417721518987 0.8197521097046413 2.389477848101266 0.7733988848704039
2007-01-28 83 0.8073544973544974 0.8649470899470899 2.520079365079365 0.8197371455704788
2007-01-29 83 0.8151322751322752 0.8649470899470899 2.520079365079365 0.8235185185185185
2007-01-30 82 0.8099256900212314 0.8629246284501062 2.5185509554140126 0.8207667266385419
2007-01-31 84 0.8112174375332271 0.8729133439659755 2.5321371610845294 0.8285876306928938
2007-02-01 86 0.8220979765708201 0.8810175452609159 2.5476842119275824 0.8425142163649272
2007-02-02 83 0.8435466666666667 0.8680271733333333 2.5229605066666667 0.8472906835555556
2007-02-03 76 0.6756944444444445 0.8626874732905983 2.374119097222222 0.6891536468508344
2007-02-04 77 0.6730439442658093 0.8702845391211147 2.391399222936763 0.6936714665461371
2007-02-05 88 0.8198285101822079 1.0149790728831725 2.953778644158628 0.8398532681314754
2007-02-06 88 0.8252150537634408 1.0182531989247312 2.9633069623655914 0.8442862925774941
2007-02-07 84 0.8028002154011847 0.9851109046849758 2.801481394722671 0.8245650861604739
2007-02-08 84 0.8040992448759439 0.9478699838187702 2.691451429341963 0.8361654088620836
2007-02-09 80 0.8261480280929228 1.0156131820637493 2.6841166936790923 0.8341638295230713
2007-02-10 80 0.7514363143631436 1.0160162601626017 2.6482655826558266 0.7661042348955392
2007-02-11 73 0.7575461454940282 0.9293159609120522 2.4346362649294244 0.7653347387321328
2007-02-12 75 0.7538879825992387 0.8981516856987494 2.4157155791190865 0.7658526286283952
2007-02-13 74 0.7600217864923747 0.8577342047930283 2.375653594771242 0.7665361292665214
2007-02-14 71 0.7662841530054645 0.776775956284153 2.307377049180328 0.7692622950819672
2007-02-15 70 0.7637657361795293 0.7711548987411057 2.3036124794745483 0.7674603174603175
2007-02-16 73 0.7615131578947368 0.7808119243421052 2.3000553453947368 0.7669056036953678
2007-02-17 76 0.7528052805280528 0.8372662266226623 2.409158415841584 0.7601363461967943
2007-02-18 73 0.7512141280353201 0.7894315673289183 2.3545529801324503 0.7575837012509198
2007-02-19 74 0.748645660585959 0.791901603095633 2.3607794361525705 0.7572968490878939
2007-02-20 81 0.7537098560354374 0.8628189091915837 2.4409473698781836 0.7725140692427678
2007-02-21 76 0.7366611203549639 0.7902112867443151 2.337188546866334 0.7542170632279535
2007-02-22 63 0.7111296605453533 0.7143016138007791 2.1195325542570953 0.7117640511964385
2007-02-23 65 0.7096594081518705 0.7341150195421552 2.1402010050251254 0.7114018925034529
2007-02-24 77 0.7467002237136465 0.8083059004474273 2.3761481263982103 0.75879679993468
2007-02-25 69 0.7453423120089787 0.7637485970819304 2.2562850729517394 0.7486059424655915
2007-02-26 70 0.7456436200112423 0.7679600618324902 2.257898763350197 0.7486452839591564
2007-02-27 71 0.7410603496897913 0.7738871404399323 2.2385797518330515 0.7443900718224873
2007-02-28 69 0.755800792303339 0.7629320599886814 2.254840322580645 0.758420263360013
2007-03-01 67 0.7448412698412699 0.7489239795918368 2.2324851473922904 0.7449822205350394
2007-03-02 62 0.7067690557451649 0.7067690557451649 2.1061433447098974 0.7067690557451649
2007-03-03 62 0.6168660968660968 0.6563247863247863 1.9417948717948719 0.6225030525030525
2007-03-04 62 0.6339050886220697 0.658834162378502 1.9198976272155517 0.6412159510196304
2007-03-05 69 0.7686173264486518 0.7967986230636833 2.3393115318416524 0.7727630522088353
2007-03-06 72 0.7842528735632184 0.8166206896551724 2.3719655172413794 0.789916420361248
2007-03-07 70 0.7726066897347175 0.8113725490196079 2.3577393310265284 0.7799116151907386
2007-03-08 74 0.7831311380704795 0.8313240323512421 2.3989161178509533 0.7963154502779994
2007-03-09 74 0.794608695652174 0.841172115942029 2.388825391304348 0.7994533590905606
2007-03-10 77 0.7772938443670151 0.8589267711962834 2.4378477351916374 0.7855545305308212
2007-03-11 74 0.7655011655011655 0.8453210664335664 2.413153787878788 0.7752529106233272
2007-03-12 77 0.7808187134502924 0.8681116666666666 2.4612701169590645 0.793996613043768
2007-03-13 86 0.9224370240187464 1.0113777973052138 2.898022144112478 0.937515381637391
2007-03-14 80 0.7882803297997645 1.1336995877502944 2.4731005594817432 0.8196380303313578
2007-03-15 81 0.7749852507374632 1.3029627728613569 2.456120796460177 0.8238921268149068
2007-03-16 96 0.9840142095914742 1.7386748963883956 2.9579187388987567 1.0299206198230262
2007-03-17 95 0.9355912061794415 1.7340890671420084 2.950905971479501 0.9912712742589328
2007-03-18 97 0.9520833333333333 1.7546856547619047 2.9992111607142857 1.0130895717527748
2007-03-19 95 0.9421744324970132 1.7354670848267622 2.9429359318996418 1.0006763023796086
2007-03-21 87 0.8183513838748496 1.6404764741275573 2.636206227436823 0.8951611223394189
2007-03-22 88 0.836352657004831 1.6560216787439614 2.664960597826087 0.9246241594827165
2007-03-23 89 0.9129159104658198 1.6758329703569268 2.740746975196612 0.9790983194330262
2007-03-24 90 0.8701882210078932 1.691591924711597 2.770039313904068 0.956672937391377
2007-03-25 89 0.8719073735527118 1.688087690432663 2.7607890006093845 0.9656225531771658
2007-03-26 90 0.9000611620795107 1.7012549847094802 2.7766084097859327 0.9941202446402279
2007-03-27 89 0.874462860650706 1.6966555555555556 2.7562644260282383 0.9823950529225453
2007-03-28 90 0.8869618696186962 1.7106715252152522 2.79197709102091 1.0130471037277833
2007-03-29 86 0.876499690785405 1.6970012059369202 2.7589065553494123 1.0275859099433804
2007-03-30 68 0.8132526381129733 0.8132526381129733 2.3397579143389198 0.8132526381129733
2007-03-31 67 0.7702114427860697 0.8048818407960199 2.3243470149253733 0.7754664179104478
2007-04-01 73 0.9207240948813983 0.9316479400749064 2.68876404494382 0.9248595505617978
2007-04-02 73 0.9125078173858662 0.9257041588492808 2.6761732020012508 0.9157645428536514
2007-04-03 73 0.8948427672955975 0.9254722955974842 2.6015100314465407 0.9008822277473123
2007-04-04 84 0.8977272727272727 1.6858730113636364 2.622489172979798 1.0553957008078492
2007-04-05 80 0.8679316888045541 1.6609879190385832 2.5320189120809613 1.0712518893339895
2007-04-06 77 0.8611428571428571 1.6526476190476191 2.516901587301587 1.1424431746031747
2007-04-07 81 1.1586206896551725 1.6967241379310345 2.6306960408684548 1.358271300857508
2007-04-08 77 1.0563659628918747 1.406890595009597 2.615399872040947 1.2131175254687732
2007-04-09 80 1.1842003853564547 1.2493718047527296 2.6736492614001284 1.1956305266538212
2007-04-10 76 0.8576402321083172 0.9466614442295294 2.6130057382333978 0.8740309760495254
2007-04-11 72 0.7264591439688716 1.1057535019455254 2.2006951361867704 0.7598629090638115
2007-04-12 94 0.9844704353476283 1.5253553606237817 2.898844639376218 1.0210416714665638
2007-04-13 93 0.9611252446183953 1.7878844748858447 2.823112785388128 1.0157708485443013
2007-04-14 96 0.9887393582187295 1.8211053372626065 2.9143633595284872 1.0482010591764315
2007-04-15 95 0.9926397107166338 1.8223720249835635 2.9140255424063115 1.055930584696381
2007-04-16 100 1.082049504950495 1.7857603300330034 3.1171167656765677 1.1340041112125547
2007-04-17 102 1.0601093439363818 1.8038282968853545 3.135143737574553 1.1273585189157038
2007-04-18 100 1.0603160345974718 1.6892733532934132 3.0958967731204257 1.1207648704746207
2007-04-19 98 1.0614033333333333 1.6826052333333332 3.0850085666666667 1.1245150449042147
2007-04-20 93 1.0412508383635144 1.663787323943662 3.027573373574782 1.1139492935390118
2007-04-21 94 1.0652558922558923 1.5844154208754209 3.0661359595959596 1.1307159049756828
2007-04-22 93 1.0496991210277213 1.5685313387423936 3.0810093644354293 1.1229964597218198
2007-04-23 96 1.0747488119484045 1.6193529531568227 3.1723773930753563 1.1565887185206736
2007-04-24 99 1.0769421768707483 1.6500053401360544 3.1862005102040816 1.1774728079518852
2007-04-25 91 1.023978825136612 1.576508094262295 2.995637841530055 1.1448205620165353
2007-04-26 80 0.8639951989026063 1.4210959190672154 2.5273750685871055 1.0231333527663466
2007-04-27 80 0.8850966183574879 1.068984679089027 2.720575431331953 0.8988889290743018
2007-04-28 96 1.194609266943292 1.3299853388658367 3.60657939142462 1.2093729394739803
2007-04-29 95 1.2069131944444444 1.2435825 3.535912361111111 1.220579949074074
2007-04-30 83 1.0613005578800558 1.0725989539748955 3.039548047419805 1.0630427764151396
2007-05-01 90 1.192860644257703 1.223534243697479 3.478159593837535 1.1967022283913569
2007-05-02 91 1.1987376933895921 1.2369598452883264 3.5102052742616032 1.2049425331525017
2007-05-03 93 1.2110204802259887 1.2557605225988702 3.5594010593220338 1.2218636139695993
2007-05-04 106 1.2135916489738146 2.068418931351734 3.8553651450813873 1.4672290293635846
2007-05-05 95 1.4511904761904761 1.9753560412224591 3.57948184079602 1.5770302576501307
2007-05-06 90 1.3344075660242685 1.6503981798715204 3.5594667023554605 1.357959768627457
2007-05-07 93 1.1645197132616487 1.4812601075268816 3.659579103942652 1.1849951989345762
2007-05-08 82 0.9645824334053276 1.3025614470842333 3.111024370050396 0.9872907659771816
2007-05-09 85 0.9731637806637806 1.6244284632034631 3.117758189033189 1.0143886776880509
2007-05-10 94 1.129822463768116 1.9898969927536232 3.5721832246376812 1.1829250984399036
2007-05-11 88 0.9561171761280931 2.148331768558952 3.0726439956331877 1.0365125061616556
2007-05-12 89 0.9582093362509118 2.204600911743253 3.1309357038657915 1.0523370994307766
2007-05-13 99 1.141102564102564 2.394108315018315 3.6764196703296705 1.2443480634014932
2007-05-14 100 1.1611515820456217 2.4099763428991907 3.6926511037527594 1.2669171109608428
2007-05-15 103 1.1526585545722714 2.428583185840708 3.7468390855457225 1.2718870282971066
2007-05-16 98 1.1549296296296296 2.310191 3.747491 1.268785926612172
2007-05-17 92 1.1390534521158129 2.1340815515961395 3.5508632887899036 1.2653851012350676
2007-05-18 105 1.1968717375093214 3.470512938105891 3.582485346756152 1.4194039986397922
2007-05-19 109 1.1934868913857677 3.4620658052434456 3.6916950187265916 1.4332144652866443
2007-05-20 69 0.4303273137697517 2.7012098194130925 1.3868418735891648 0.6995492329535276
2007-05-22 70 0.40899848828420254 2.65586455026455 1.2522402116402116 0.777158030200201
2007-05-23 67 0.40447348484848483 2.6001574621212122 1.1987976136363636 0.8681676497622747
2007-05-24 68 0.6306735159817352 2.608263203957382 1.2153826864535768 1.0895828202201148
2007-05-25 87 0.9200648360030511 2.329030358504958 2.759355263157895 1.1998437552445098
2007-05-26 92 1.0480925076452599 2.4602896024464833 3.1571978211009175 1.4136069884582034
2007-05-27 90 1.0836059907834101 2.462870852534562 3.1652940476190476 1.5939151823013222
2007-05-28 91 2.001928406466513 2.483531832178599 3.281534141647421 2.068598656602085
2007-05-29 80 1.0943711419753086 1.128902662037037 3.2609667052469136 1.1007023078146223
2007-05-30 76 1.0843812838360403 1.105265158546017 3.238293000773395 1.0877919202107598
2007-05-31 74 1.0666705426356589 1.0889968604651163 3.193496860465116 1.0746737757284148
2007-06-01 73 1.069156954156954 1.0845423076923077 3.186954895104895 1.0738688194946815
2007-06-02 75 1.0786643302180685 1.0926852414330217 3.200010007788162 1.0803498707344146
2007-06-03 85 1.3192857142857144 1.8271724043715847 3.3870514051522247 1.5027078124177975
2007-06-04 76 1.2539162754303599 1.43228313771518 2.8741884585289514 1.2701673207451698
2007-06-05 75 0.9156901960784314 1.1001238039215686 2.880951254901961 0.9346215821419673
2007-06-06 84 1.103934748427673 1.6154149764150942 3.42516733490566 1.1380145847979897
2007-06-07 80 1.0377004716981133 1.7809417059748427 3.2252459512578615 1.0906301610456417
2007-06-08 79 0.9165126382306477 2.0125654423380728 2.8705472748815164 0.9986510941870275
2007-06-09 90 1.1020576619273301 2.213552804107425 3.4580670221169036 1.1972392777692868
2007-06-10 89 1.0911361836896278 2.1926435471100554 3.3904305621536026 1.18843130591755
2007-06-11 101 1.0840102929532858 3.593118606492478 3.3904305621536026 1.3173593617004329
2007-06-12 109 1.1530992063492063 3.6771498412698413 3.401756984126984 1.4134976422098517
2007-06-13 109 1.1473849206349207 3.6785784126984127 3.418900595238095 1.4482260372715805
2007-06-14 109 1.1572832140015912 3.687357836117741 3.427060262529833 1.5086035941290015
2007-06-15 109 1.1224383452665077 3.657007796340493 3.3282535799522672 1.556455087486967
2007-06-16 108 1.2887867939538584 3.649847891805887 3.3139337708830547 1.7301023640743478
2007-06-17 107 1.4705781499202553 3.4918331738437 3.279836323763955 1.7911380786212285
2007-06-18 105 1.13353668261563 3.146378628389155 3.294190390749601 1.5251352355286194
2007-06-19 105 1.1490095465393795 3.1346920047732696 3.232866984884646 1.6722505192354693
2007-06-20 103 1.7904346092503987 3.11910514354067 3.362291706539075 2.0907174943039415
2007-06-21 94 1.197452153110048 2.1722550637958533 3.3492933014354067 1.3411660588972434
2007-06-22 101 1.3366866028708133 2.3000070175438596 3.729677591706539 1.4961204077965011
2007-06-23 99 1.3191766109785203 2.2801979315831344 3.6921365950676215 1.5100785795906557
2007-06-24 98 1.3191766109785203 2.38886861575179 3.683542442322991 1.5612767026164154
2007-06-25 108 1.3549761336515513 2.790777923627685 3.814330031821798 1.6972226928249416
2007-06-26 98 1.1572607655502392 2.4787542663476874 3.184300518341308 1.5941358670300152
2007-06-27 92 1.9223587907716786 2.423116825775656 3.0453562848050915 1.9496285575381045
2007-06-28 101 1.3325417661097851 1.3624152346857596 3.142331702466189 1.3412027212316906
2007-06-29 100 1.3293690476190476 1.3522269444444444 3.1090563095238095 1.3378333804563491
2007-06-30 95 1.1986547619047618 1.212942738095238 2.6797721031746033 1.2004643862433861
2007-07-01 93 1.1656437598736178 1.1881973538704582 2.615965916271722 1.17071006375536
2007-07-02 98 1.4902883096366508 1.6122502369668246 2.640216271721959 1.5013573360585644
2007-07-03 100 1.1742356185973206 1.2987453506698188 2.7219171394799053 1.1864853141881178
2007-07-04 94 1.1080417651694248 1.5650180063041765 2.5158493695823485 1.1395605189350118
2007-07-05 87 1.0241391509433961 1.7117986242138366 2.4051987814465408 1.0745268906211711
2007-07-06 75 0.8496108490566038 1.8881351022012578 2.5937994103773585 0.9308594620878193
2007-07-07 78 0.8512558685446009 1.9523144366197183 2.791872339593114 0.9501525072813427
2007-07-08 86 0.7970305164319249 3.266829303599374 2.591559350547731 0.9647963713143054
2007-07-09 118 1.1887626854020297 3.6630037861046056 2.955435480093677 1.371433656100341
2007-07-10 314 3.293306074766355 5.816828543613707 3.076489758566978 3.5004366640294036
2007-07-11 315 3.280034965034965 5.810262509712509 3.0833044677544676 3.5135622435783107
2007-07-12 316 3.2849651162790696 5.804928565891473 3.1092347674418606 3.5462637271645927
2007-07-13 315 3.2697569444444445 5.775237538580247 3.101475964506173 3.5729086515489215
2007-07-14 355 3.762118788580247 6.197999884259259 3.5557197916666667 4.07791584615259
2007-07-15 351 3.6902496159754223 6.096088248847926 3.465677342549923 4.064340456343735
2007-07-16 351 3.7713448275862067 6.070196858237548 3.452729425287356 4.174237738328369
2007-07-17 346 3.623704128440367 5.917283562691131 3.1515381498470947 4.181760056024787
2007-07-18 355 4.586731502669718 5.970447673531655 3.4122135011441648 4.7015852209832145
2007-07-19 347 3.6654555808656037 5.045602012148823 3.394847949886105 3.7918925606738076
2007-07-20 345 3.647882575757576 5.0180741287878785 3.37076875 3.7847262223625133
2007-07-21 344 3.64078231292517 4.999892554799698 3.3495198412698413 3.789799603081992
2007-07-22 339 3.5855568096313015 4.933113506395786 3.252607035364936 3.7541387369480343
2007-07-23 343 3.608111861861862 4.961529204204204 3.355339264264264 3.8098467745523297
2007-07-24 332 3.4663714499252616 4.816410949177877 3.2012801569506726 3.7097780870623445
2007-07-25 328 3.4272222222222224 4.774240082028337 3.1378157718120807 3.7451459718227347
2007-07-26 323 3.4119561989606533 4.725096510764662 3.092138084632517 3.8687006552403096
2007-07-27 322 4.252966666666667 4.695042148148148 3.015934740740741 4.273002475095785
2007-07-28 310 3.263720501474926 3.2834128687315633 2.768962278761062 3.265667257829945
2007-07-29 310 3.2512178072111846 3.2786297645327447 2.7624818616629874 3.257320362800572
2007-07-30 309 3.2266703296703296 3.2528262637362637 2.748068021978022 3.2305885516820347
2007-07-31 294 3.00627644055434 3.023345660102115 2.0798044493070753 3.0088489517198265
2007-08-01 303 3.124150326797386 3.4800703703703704 2.4415482207697896 3.15523058620442
2007-08-02 192 2.029938539407086 2.6256745119305855 2.8090476138828633 2.0953883521292083
2007-08-03 100 0.9901911976911977 1.911729365079365 2.4528224386724387 1.0804764539601979
2007-08-04 98 0.9252191091954023 1.932727658045977 2.5789596982758622 1.0583267538644472
2007-08-05 115 1.1623783977110158 3.28380321888412 2.530981330472103 1.3058078054901874
2007-08-06 122 1.1405306267806268 3.3150334045584047 2.440962891737892 1.3250801187168484
2007-08-07 135 1.2818475177304964 3.4541197163120567 2.9129898581560285 1.4690926459598235
2007-08-08 132 1.190378627034678 3.36377059447983 2.6352539278131637 1.4101536599573428
2007-08-09 134 1.2423572938689218 3.2416186751233265 2.6780915433403805 1.4481995880455436
2007-08-10 145 1.3409859649122806 3.566250456140351 3.124008350877193 1.6076580716778688
2007-08-11 141 1.2492697414395528 3.4161473794549266 2.705459049615653 1.532984353098407
2007-08-12 141 1.17971059972106 3.4166714783821477 2.684736331938633 1.5752710631254625
2007-08-13 130 1.2491006944444445 3.011740902777778 2.6135499305555556 1.7178976195475981
2007-08-14 147 2.0169467496542186 3.3675358921161824 2.7314051867219917 2.111008419754678
2007-08-15 129 1.292840909090909 2.2468373622589533 2.8057939738292013 1.3354286628040195
2007-08-16 130 1.1891443298969073 2.199729828178694 2.6470184879725087 1.264169385788206
2007-08-17 126 1.200481557377049 1.825414549180328 2.616811407103825 1.24325757037725
2007-08-18 119 1.191704081632653 1.68327 2.702048911564626 1.2537058710914222
2007-08-19 117 1.1921443089430894 1.6089477642276422 2.488625948509485 1.2199055582873382
2007-08-20 115 1.137866801893171 1.4065293441514537 2.5406436105476673 1.1828612344642795
2007-08-21 108 1.194010101010101 1.211114478114478 2.541218855218855 1.1964535834535837
2007-08-22 105 1.1620422535211268 1.1966498993963783 2.523547954393025 1.1776214429433747
2007-08-23 109 1.130063460253841 1.1545142618570474 2.3885857381429525 1.1352472244488978
2007-08-24 109 1.1069228210246174 1.1783811709913505 2.4309460412508317 1.1351293074169122
2007-08-25 114 1.2365175612988735 1.2530529489728297 2.673831610337972 1.2413651844488625
2007-08-26 118 1.5409424603174604 1.592134193121693 3.2597300925925925 1.5614716027336861
2007-08-28 119 1.6614963981663393 1.717817223313687 3.5589468893254748 1.6800416730595318
2007-08-29 103 1.6545130718954248 1.6985666013071896 3.550596013071895 1.6640101565515095
2007-08-30 101 1.6186881510416666 1.6917362630208332 3.556843684895833 1.6514616297743054
2007-08-31 125 1.9452135922330096 1.99515071197411 3.804928025889968 1.9525822596542692
2007-09-01 143 2.2612435400516797 3.129429521963824 3.6977467054263564 2.33563419250646
2007-09-02 209 3.5489736164736163 4.356664671814672 3.733469691119691 3.600355498253356
2007-09-03 222 3.6377916666666668 4.486382628205128 4.152764038461538 3.7128558098290596
2007-09-04 223 3.5802075351213283 4.402686398467433 3.8747202426564495 3.6387144269838068
2007-09-05 219 3.401020992366412 4.271982760814249 3.6225902671755725 3.4967062632779995
2007-09-06 220 3.5400031746031746 4.320353587301588 3.7709281904761904 3.590932506531501
2007-09-07 221 3.375950126262626 4.2663869318181815 3.606320643939394 3.468092722763348
2007-09-08 228 3.5733364779874215 4.449029496855346 4.1056678616352205 3.6479539182389926
2007-09-09 228 3.5246421845574387 4.480512806026366 4.128758254865034 3.6276157991809415
2007-09-10 231 3.533524077548468 4.436151907442151 4.031589681050657 3.615313376469268
2007-09-11 232 3.5395669781931463 4.512060373831775 4.273963800623053 3.6623122334965155
2007-09-12 231 3.5481719428926133 4.442742302917442 4.1139135630043455 3.6457983480973883
2007-09-13 228 3.4325943104514534 4.3501903834260975 3.8704482065553494 3.5502396829661853
2007-09-14 217 3.4008964879852126 4.2716308687615525 3.8173209488601354 3.498737987725029
2007-09-15 217 3.3225322283609575 4.128672130141191 3.6869931860036833 3.438853754616232
2007-09-16 196 3.0948866421568626 3.623227267156863 3.5156322916666665 3.1726115757761426
2007-09-17 197 3.1127319902319903 3.5603833028083027 3.667041971916972 3.2033529020706824
2007-09-18 190 3.056359489051095 3.4381118917274938 3.38248899026764 3.131738285959992
2007-09-19 190 3.0139727272727272 3.4572454545454545 3.440369696969697 3.1382526695526693
2007-09-20 194 3.0744434361766486 3.364948215366001 3.4726055051421656 3.1697739342609403
2007-09-21 190 2.9748673899939724 3.252867902350814 3.3864465039180227 3.1005300667355553
2007-09-22 194 3.1877727817745805 3.253932134292566 3.410021402877698 3.208296888730395
2007-09-23 190 2.935490724117295 3.041118372232196 3.383252962298025 2.98027627239129
2007-09-24 179 2.823199165175909 2.8492598688133572 2.8961333929636255 2.827114454021085
2007-09-25 175 2.747175595238095 2.835093958333333 3.2278052678571427 2.7798217427058076
2007-09-26 114 1.786740674955595 1.8138584369449378 3.004921195973949 1.7938971476312648
2007-09-27 117 1.7968410165484634 1.8665156028368795 3.1063973995271867 1.8251058853050266
2007-09-28 114 1.8231478209658423 2.011090636042403 3.284577090694935 1.83396045481592
2007-09-29 185 2.8835420340975895 3.7190075837742502 3.2122938859494417 2.955206168385798
2007-09-30 197 2.9778002343292327 3.8446584065612184 3.5616355594610427 3.0400032610818206
2007-10-01 195 2.871143274853801 3.8045508187134502 3.5359133918128656 2.972865777552857
2007-10-02 196 2.870625363583479 3.6370168121000583 3.2818277486910996 2.9583881058084422
2007-10-03 182 2.720357142857143 3.556869918699187 2.9973925667828105 2.8501914345816783
2007-10-04 182 2.8066290509259257 3.5477325810185185 2.9492545717592593 2.875807056519189
2007-10-05 195 2.74552570768342 3.661312478336222 3.2382795493934142 2.8764721753193037
2007-10-06 197 2.934545192861255 3.8737158318940703 3.555771099597006 3.004217620439433
2007-10-07 190 2.7121580459770116 3.8056217816091955 3.345466609195402 2.827660439713543
2007-10-08 207 2.8625458190148914 4.067355040091638 3.91539627720504 2.9683481646180385
2007-10-09 207 2.806921097770154 4.156404745568897 4.101762092624357 2.952350406402251
2007-10-10 218 3.021997150997151 4.204986837606838 4.565345811965812 3.1591904497591674
2007-10-11 218 3.04004835039818 4.192656086461889 4.51491433447099 3.1702479700703163
2007-10-13 219 2.9487033898305084 4.1573951412429375 4.410752485875706 3.0899142461533042
2007-10-15 211 2.8405751964085297 4.041785914702581 4.265147306397306 3.0070805928078643
2007-10-16 209 2.911226150392817 4.081221941638608 4.309395342312009 3.08240269611608
2007-10-17 208 2.8057074944071587 4.030838590604027 4.415195413870246 3.046581362808208
2007-10-18 208 2.8834757118927974 3.968328810720268 4.231459743160245 3.101563469986706
2007-10-19 222 2.836035058430718 4.033654368391764 4.492846076794658 3.1943534019480175
2007-10-20 216 3.2075027777777776 3.8243899444444445 4.0852121666666665 3.255187811168135
2007-10-21 194 2.636076965669989 3.105194850498339 3.7522767995570323 2.6883879559208705
2007-10-22 190 2.6628562189054725 3.029205030403538 3.6895864566058596 2.6846423037970824
2007-10-23 112 1.4802506887052342 1.9008154269972453 3.6663140495867768 1.5264887352746908
2007-10-24 101 1.5673569856985698 1.5693509350935093 3.4584763476347633 1.5675103664212575
2007-10-25 112 1.5535722130697418 1.6203349807797913 3.572108731466227 1.5829734120446641
2007-10-26 113 1.6074192665571976 1.6378379857690202 3.6551231527093595 1.616397567037961
2007-10-27 186 2.5824344262295083 2.6531379781420763 3.288646174863388 2.6119243266978924
2007-10-29 219 2.6788153594771242 4.448709150326797 4.973371459694989 2.8216357317897502
2007-10-30 198 2.2938680781758958 4.009326818675353 5.242160694896851 2.42124739964437
2007-10-31 199 2.3295962059620594 4.123620596205962 5.514883468834689 2.5117791593932264
2007-11-01 204 2.6133685064935066 4.161846590909091 5.73078869047619 2.6974588528922774
2007-11-02 148 1.7153478964401294 3.3956202804746494 4.791159654800431 1.8331454683064539
2007-11-03 142 1.687159396876683 3.219106085083468 4.562848680667743 1.7753670644676114
2007-11-04 148 1.7049220430107528 3.2321397849462365 4.665005376344086 1.8401231599123953
2007-11-05 154 1.7683708467309753 3.4859217577706323 4.8833922829582 1.8740991198054313
2007-11-06 164 1.7905439442658093 3.637087352625938 5.23475884244373 1.9429342267313747
2007-11-07 185 1.9467174145299144 4.410389396367521 5.665396848290598 2.1895479611980755
2007-11-08 183 1.9518189102564103 4.364662900641026 5.478377617521367 2.1817917588445157
2007-11-09 182 1.9179739084132055 4.401277396166134 5.462858306709265 2.1184254853279154
2007-11-10 183 1.7603163211057948 4.399547554492291 5.4541987772461455 2.029945848384319
2007-11-11 184 1.8070355626326964 4.439728742038216 5.386012685774947 2.0782769720881524
2007-11-12 196 1.8581107578166403 4.844859009009009 6.304317912029677 2.211413531254094
2007-11-13 188 1.758824617010037 4.5815662968832545 5.718520866349709 2.1057940588684048
2007-11-14 189 1.7196011621764395 4.50459852086635 5.713502377179081 2.1462663250509735
2007-11-15 193 1.8836260548523207 4.533061708860759 5.7793196202531645 2.3501459248338104
2007-11-16 192 2.3367271293375396 4.649634595162986 5.943932702418507 2.6436139324321677
2007-11-17 170 1.5066009463722398 3.4222686645636173 4.967171398527865 1.7451877946624803
2007-11-18 158 1.2725485564304462 2.8243700787401576 4.367574803149607 1.5355897791354882
2007-11-19 167 1.5662762054507338 2.6882751310272535 4.424139360587002 1.6751033009809155
2007-11-20 140 0.9059419152276296 2.1110591051805336 4.2341250130821555 1.0823278213635146
2007-11-21 130 1.200603448275862 2.0141791797283175 3.8430135318704286 1.2605079327114932
2007-11-22 105 0.9556364110589463 1.0730797861241523 2.65181684924361 0.998552288794288
2007-11-23 124 1.3060276473656756 1.3949864110589463 2.6125341158059467 1.3246492873043416
2007-11-24 145 1.3441927083333334 1.8275958072916667 3.4318843229166665 1.4204790915749335
2007-11-25 146 1.456786271450858 1.8296229849193968 3.720114404576183 1.481452449893647
2007-11-26 158 1.1326313052522101 2.9952158086323455 4.238512740509621 1.3009878155606676
2007-11-27 165 1.2647196261682243 3.0622190809968846 4.381938161993769 1.4171632507442455
2007-11-28 160 1.2499481596682218 3.0920912130637634 4.326817962674961 1.4576495400297984
2007-11-29 173 1.4969686365992743 3.164523820632452 4.47488820632452 1.6102324692256107
2007-11-30 173 1.3965320910973085 3.285527406832298 4.745044953416149 1.580483133263237
2007-12-01 170 1.4941356589147288 3.2468488372093023 4.629073643410853 1.6052688500209777
2007-12-02 170 1.2861757105943152 3.4178682170542634 4.873992248062016 1.4613783629399226
2007-12-03 186 1.5753624871001033 3.7149749484004126 5.7529388028895765 1.7278114434557876
2007-12-04 204 1.5617465224111282 3.7517774343122103 5.781736218444101 1.729288496830109
2007-12-05 203 1.5764824832560536 4.311567490984029 5.895495878413189 1.812126049814045
2007-12-06 201 1.7120298815043793 4.4416120298815045 6.3009113601236475 1.9654484908623502
2007-12-07 207 1.6184711488923236 4.427139361154044 6.190627253992787 1.834018134660027
2007-12-08 212 1.5253369341563785 4.476700102880659 6.323436213991769 1.799409399007274
2007-12-09 219 1.690887262455059 4.502273472008218 6.321924216743708 1.938551568027552
2007-12-10 203 1.525491255144033 4.189775694444444 5.618527186213992 1.7979988060249172
2007-12-11 222 1.7011851566512584 4.402234951206985 6.085913893168978 1.9925046559656288
2007-12-12 219 1.6092589743589745 4.374461 6.068495820512821 2.0002216476900587
2007-12-13 218 1.6235679487179486 4.273693051282051 5.7857304358974355 2.0639577068803794
