libgcj-java-placeholder.sh

This script is a placeholder for the /usr/bin/java
master link required by jpackage.org conventions.  libgcj's
rmiregistry, rmic and jar tools are now slave symlinks to these
masters, and are managed by the alternatives(8) system.

This change was necessary because the rmiregistry, rmic and jar tools
installed by previous versions of libgcj conflicted with symlinks
installed by jpackage.org JVM packages.
#NT 4824
#AV 29.855423049359132
#OVR 0.0
0.0 0.1044776119402985 0.1044776119402985 0.0 0.0
3.0 0.09079601990049752 0.19527363184079602 1314.0 1314.0
6.0 0.07649253731343283 0.27176616915422885 2214.0 3528.0
9.0 0.07193200663349918 0.34369817578772804 3123.0 6651.0
12.0 0.05804311774461028 0.40174129353233834 3360.0 10011.0
15.0 0.05576285240464345 0.4575041459369818 4035.0 14046.0
18.0 0.04995854063018242 0.5074626865671642 4338.0 18384.0
21.0 0.04539800995024876 0.552860696517413 4599.0 22983.0
24.0 0.04498341625207297 0.597844112769486 5208.0 28191.0
27.0 0.04083747927031509 0.6386815920398011 5319.0 33510.0
30.0 0.03565505804311774 0.6743366500829189 5160.0 38670.0
33.0 0.029850746268656716 0.7041873963515756 4752.0 43422.0
36.0 0.026119402985074626 0.7303067993366502 4536.0 47958.0
39.0 0.02155887230514096 0.7518656716417912 4056.0 52014.0
42.0 0.02404643449419569 0.7759121061359868 4872.0 56886.0
45.0 0.020107794361525703 0.7960199004975125 4365.0 61251.0
48.0 0.019071310116086235 0.8150912106135987 4416.0 65667.0
51.0 0.018864013266998342 0.8339552238805971 4641.0 70308.0
54.0 0.01451077943615257 0.8484660033167496 3780.0 74088.0
57.0 0.01658374792703151 0.8650497512437811 4560.0 78648.0
60.0 0.013681592039800995 0.8787313432835822 3960.0 82608.0
63.0 0.011401326699834163 0.8901326699834163 3465.0 86073.0
66.0 0.009950248756218905 0.9000829187396352 3168.0 89241.0
69.0 0.008291873963515755 0.9083747927031509 2760.0 92001.0
72.0 0.006633499170812604 0.9150082918739635 2304.0 94305.0
75.0 0.008706467661691543 0.9237147595356551 3150.0 97455.0
78.0 0.00538971807628524 0.9291044776119403 2028.0 99483.0
81.0 0.00642620232172471 0.935530679933665 2511.0 101994.0
84.0 0.007255389718076285 0.9427860696517413 2940.0 104934.0
87.0 0.004975124378109453 0.9477611940298507 2088.0 107022.0
90.0 0.00538971807628524 0.9531509121061359 2340.0 109362.0
93.0 0.003316749585406302 0.9564676616915422 1488.0 110850.0
96.0 0.00269485903814262 0.9591625207296848 1248.0 112098.0
99.0 0.004353233830845771 0.9635157545605305 2079.0 114177.0
102.0 0.0041459369817578775 0.9676616915422884 2040.0 116217.0
105.0 0.00269485903814262 0.970356550580431 1365.0 117582.0
108.0 0.00269485903814262 0.9730514096185736 1404.0 118986.0
111.0 0.001451077943615257 0.9745024875621888 777.0 119763.0
114.0 0.0022802653399668325 0.9767827529021557 1254.0 121017.0
117.0 0.0024875621890547263 0.9792703150912104 1404.0 122421.0
120.0 0.0022802653399668325 0.9815505804311773 1320.0 123741.0
123.0 0.002902155887230514 0.9844527363184078 1722.0 125463.0
126.0 0.0010364842454394694 0.9854892205638472 630.0 126093.0
129.0 0.0018656716417910447 0.9873548922056383 1161.0 127254.0
132.0 8.291873963515755E-4 0.98818407960199 528.0 127782.0
135.0 0.0010364842454394694 0.9892205638474294 675.0 128457.0
138.0 8.291873963515755E-4 0.990049751243781 552.0 129009.0
141.0 0.0010364842454394694 0.9910862354892205 705.0 129714.0
144.0 6.218905472636816E-4 0.9917081260364842 432.0 130146.0
147.0 6.218905472636816E-4 0.9923300165837479 441.0 130587.0
150.0 6.218905472636816E-4 0.9929519071310116 450.0 131037.0
153.0 8.291873963515755E-4 0.9937810945273632 612.0 131649.0
156.0 0.0010364842454394694 0.9948175787728026 780.0 132429.0
159.0 0.0012437810945273632 0.99606135986733 954.0 133383.0
162.0 6.218905472636816E-4 0.9966832504145937 486.0 133869.0
165.0 4.1459369817578774E-4 0.9970978441127695 330.0 134199.0
168.0 4.1459369817578774E-4 0.9975124378109452 336.0 134535.0
171.0 2.0729684908789387E-4 0.9977197346600332 171.0 134706.0
174.0 2.0729684908789387E-4 0.9979270315091211 174.0 134880.0
177.0 0.0 0.9979270315091211 0.0 134880.0
180.0 2.0729684908789387E-4 0.998134328358209 180.0 135060.0
183.0 4.1459369817578774E-4 0.9985489220563848 366.0 135426.0
186.0 4.1459369817578774E-4 0.9989635157545605 372.0 135798.0
189.0 2.0729684908789387E-4 0.9991708126036485 189.0 135987.0
192.0 0.0 0.9991708126036485 0.0 135987.0
195.0 0.0 0.9991708126036485 0.0 135987.0
198.0 2.0729684908789387E-4 0.9993781094527364 198.0 136185.0
201.0 0.0 0.9993781094527364 0.0 136185.0
204.0 0.0 0.9993781094527364 0.0 136185.0
207.0 0.0 0.9993781094527364 0.0 136185.0
210.0 0.0 0.9993781094527364 0.0 136185.0
213.0 0.0 0.9993781094527364 0.0 136185.0
216.0 0.0 0.9993781094527364 0.0 136185.0
219.0 2.0729684908789387E-4 0.9995854063018244 219.0 136404.0
222.0 0.0 0.9995854063018244 0.0 136404.0
225.0 0.0 0.9995854063018244 0.0 136404.0
228.0 0.0 0.9995854063018244 0.0 136404.0
231.0 0.0 0.9995854063018244 0.0 136404.0
234.0 0.0 0.9995854063018244 0.0 136404.0
237.0 0.0 0.9995854063018244 0.0 136404.0
240.0 2.0729684908789387E-4 0.9997927031509123 240.0 136644.0
243.0 0.0 0.9997927031509123 0.0 136644.0
246.0 0.0 0.9997927031509123 0.0 136644.0
249.0 0.0 0.9997927031509123 0.0 136644.0
252.0 0.0 0.9997927031509123 0.0 136644.0
255.0 0.0 0.9997927031509123 0.0 136644.0
258.0 0.0 0.9997927031509123 0.0 136644.0
261.0 0.0 0.9997927031509123 0.0 136644.0
264.0 0.0 0.9997927031509123 0.0 136644.0
267.0 0.0 0.9997927031509123 0.0 136644.0
270.0 0.0 0.9997927031509123 0.0 136644.0
273.0 0.0 0.9997927031509123 0.0 136644.0
276.0 0.0 0.9997927031509123 0.0 136644.0
279.0 0.0 0.9997927031509123 0.0 136644.0
282.0 0.0 0.9997927031509123 0.0 136644.0
285.0 0.0 0.9997927031509123 0.0 136644.0
288.0 0.0 0.9997927031509123 0.0 136644.0
291.0 0.0 0.9997927031509123 0.0 136644.0
294.0 0.0 0.9997927031509123 0.0 136644.0
297.0 2.0729684908789387E-4 1.0000000000000002 297.0 136941.0
