libgcj-java-placeholder.sh

This script is a placeholder for the /usr/bin/java
master link required by jpackage.org conventions.  libgcj's
rmiregistry, rmic and jar tools are now slave symlinks to these
masters, and are managed by the alternatives(8) system.

This change was necessary because the rmiregistry, rmic and jar tools
installed by previous versions of libgcj conflicted with symlinks
installed by jpackage.org JVM packages.
#NT 4752
#AV 30.30391630956229
#OVR 0.0
0.0 0.09722222222222222 0.09722222222222222 0.0 0.0
3.0 0.08291245791245791 0.18013468013468015 1182.0 1182.0
6.0 0.07512626262626262 0.2552609427609428 2142.0 3324.0
9.0 0.06607744107744108 0.32133838383838387 2826.0 6150.0
12.0 0.06334175084175084 0.38468013468013473 3612.0 9762.0
15.0 0.059343434343434344 0.4440235690235691 4230.0 13992.0
18.0 0.05555555555555555 0.4995791245791247 4752.0 18744.0
21.0 0.0422979797979798 0.5418771043771045 4221.0 22965.0
24.0 0.046085858585858584 0.587962962962963 5256.0 28221.0
27.0 0.04313973063973064 0.6311026936026937 5535.0 33756.0
30.0 0.034301346801346805 0.6654040404040404 4890.0 38646.0
33.0 0.029461279461279462 0.6948653198653199 4620.0 43266.0
36.0 0.026936026936026935 0.7218013468013468 4608.0 47874.0
39.0 0.027567340067340067 0.7493686868686869 5109.0 52983.0
42.0 0.02251683501683502 0.7718855218855218 4494.0 57477.0
45.0 0.01978114478114478 0.7916666666666666 4230.0 61707.0
48.0 0.020833333333333332 0.8125 4752.0 66459.0
51.0 0.019570707070707072 0.8320707070707071 4743.0 71202.0
54.0 0.0180976430976431 0.8501683501683501 4644.0 75846.0
57.0 0.015361952861952861 0.865530303030303 4161.0 80007.0
60.0 0.013678451178451179 0.8792087542087541 3900.0 83907.0
63.0 0.012626262626262626 0.8918350168350168 3780.0 87687.0
66.0 0.00989057239057239 0.9017255892255891 3102.0 90789.0
69.0 0.008627946127946129 0.9103535353535352 2829.0 93618.0
72.0 0.008627946127946129 0.9189814814814814 2952.0 96570.0
75.0 0.005260942760942761 0.9242424242424242 1875.0 98445.0
78.0 0.006313131313131313 0.9305555555555555 2340.0 100785.0
81.0 0.007786195286195286 0.9383417508417508 2997.0 103782.0
84.0 0.005050505050505051 0.9433922558922558 2016.0 105798.0
87.0 0.006102693602693603 0.9494949494949494 2523.0 108321.0
90.0 0.003998316498316498 0.9534932659932659 1710.0 110031.0
93.0 0.002735690235690236 0.9562289562289561 1209.0 111240.0
96.0 0.004629629629629629 0.9608585858585857 2112.0 113352.0
99.0 0.002946127946127946 0.9638047138047137 1386.0 114738.0
102.0 0.003787878787878788 0.9675925925925924 1836.0 116574.0
105.0 0.004629629629629629 0.9722222222222221 2310.0 118884.0
108.0 0.002735690235690236 0.9749579124579123 1404.0 120288.0
111.0 0.0023148148148148147 0.9772727272727271 1221.0 121509.0
114.0 0.001893939393939394 0.9791666666666665 1026.0 122535.0
117.0 0.0023148148148148147 0.9814814814814813 1287.0 123822.0
120.0 0.0023148148148148147 0.9837962962962961 1320.0 125142.0
123.0 0.0010521885521885522 0.9848484848484846 615.0 125757.0
126.0 4.2087542087542086E-4 0.9852693602693601 252.0 126009.0
129.0 6.313131313131314E-4 0.9859006734006732 387.0 126396.0
132.0 0.0010521885521885522 0.9869528619528618 660.0 127056.0
135.0 0.0010521885521885522 0.9880050505050504 675.0 127731.0
138.0 8.417508417508417E-4 0.9888468013468013 552.0 128283.0
141.0 0.0012626262626262627 0.9901094276094276 846.0 129129.0
144.0 0.0016835016835016834 0.9917929292929293 1152.0 130281.0
147.0 6.313131313131314E-4 0.9924242424242424 441.0 130722.0
150.0 0.0012626262626262627 0.9936868686868687 900.0 131622.0
153.0 0.0012626262626262627 0.994949494949495 918.0 132540.0
156.0 4.2087542087542086E-4 0.9953703703703705 312.0 132852.0
159.0 2.1043771043771043E-4 0.9955808080808082 159.0 133011.0
162.0 4.2087542087542086E-4 0.9960016835016836 324.0 133335.0
165.0 4.2087542087542086E-4 0.996422558922559 330.0 133665.0
168.0 0.0 0.996422558922559 0.0 133665.0
171.0 6.313131313131314E-4 0.9970538720538722 513.0 134178.0
174.0 2.1043771043771043E-4 0.9972643097643099 174.0 134352.0
177.0 0.0 0.9972643097643099 0.0 134352.0
180.0 4.2087542087542086E-4 0.9976851851851853 360.0 134712.0
183.0 0.0 0.9976851851851853 0.0 134712.0
186.0 2.1043771043771043E-4 0.9978956228956231 186.0 134898.0
189.0 2.1043771043771043E-4 0.9981060606060608 189.0 135087.0
192.0 2.1043771043771043E-4 0.9983164983164985 192.0 135279.0
195.0 2.1043771043771043E-4 0.9985269360269362 195.0 135474.0
198.0 0.0 0.9985269360269362 0.0 135474.0
201.0 2.1043771043771043E-4 0.9987373737373739 201.0 135675.0
204.0 2.1043771043771043E-4 0.9989478114478116 204.0 135879.0
207.0 2.1043771043771043E-4 0.9991582491582494 207.0 136086.0
210.0 0.0 0.9991582491582494 0.0 136086.0
213.0 0.0 0.9991582491582494 0.0 136086.0
216.0 0.0 0.9991582491582494 0.0 136086.0
219.0 4.2087542087542086E-4 0.9995791245791248 438.0 136524.0
222.0 0.0 0.9995791245791248 0.0 136524.0
225.0 0.0 0.9995791245791248 0.0 136524.0
228.0 2.1043771043771043E-4 0.9997895622895625 228.0 136752.0
231.0 0.0 0.9997895622895625 0.0 136752.0
234.0 0.0 0.9997895622895625 0.0 136752.0
237.0 0.0 0.9997895622895625 0.0 136752.0
240.0 0.0 0.9997895622895625 0.0 136752.0
243.0 0.0 0.9997895622895625 0.0 136752.0
246.0 0.0 0.9997895622895625 0.0 136752.0
249.0 0.0 0.9997895622895625 0.0 136752.0
252.0 0.0 0.9997895622895625 0.0 136752.0
255.0 0.0 0.9997895622895625 0.0 136752.0
258.0 2.1043771043771043E-4 1.0000000000000002 258.0 137010.0
261.0 0.0 1.0000000000000002 0.0 137010.0
264.0 0.0 1.0000000000000002 0.0 137010.0
267.0 0.0 1.0000000000000002 0.0 137010.0
270.0 0.0 1.0000000000000002 0.0 137010.0
273.0 0.0 1.0000000000000002 0.0 137010.0
276.0 0.0 1.0000000000000002 0.0 137010.0
279.0 0.0 1.0000000000000002 0.0 137010.0
282.0 0.0 1.0000000000000002 0.0 137010.0
285.0 0.0 1.0000000000000002 0.0 137010.0
288.0 0.0 1.0000000000000002 0.0 137010.0
291.0 0.0 1.0000000000000002 0.0 137010.0
294.0 0.0 1.0000000000000002 0.0 137010.0
297.0 0.0 1.0000000000000002 0.0 137010.0
