libgcj-java-placeholder.sh

This script is a placeholder for the /usr/bin/java
master link required by jpackage.org conventions.  libgcj's
rmiregistry, rmic and jar tools are now slave symlinks to these
masters, and are managed by the alternatives(8) system.

This change was necessary because the rmiregistry, rmic and jar tools
installed by previous versions of libgcj conflicted with symlinks
installed by jpackage.org JVM packages.
#NT 4758
#AV 30.302259558599584
#OVR 0.0
0.0 0.09247583018074822 0.09247583018074822 0.0 0.0
3.0 0.08617065994115175 0.17864649012189998 1230.0 1230.0
6.0 0.07860445565363598 0.257250945775536 2244.0 3474.0
9.0 0.07061790668348046 0.3278688524590164 3024.0 6498.0
12.0 0.06431273644388398 0.3921815889029004 3672.0 10170.0
15.0 0.05884825556956705 0.4510298444724674 4200.0 14370.0
18.0 0.04918032786885246 0.5002101723413199 4212.0 18582.0
21.0 0.04981084489281211 0.550021017234132 4977.0 23559.0
24.0 0.046027742749054225 0.5960487599831862 5256.0 28815.0
27.0 0.03635981504833964 0.6324085750315258 4671.0 33486.0
30.0 0.032997057587221525 0.6654056326187473 4710.0 38196.0
33.0 0.02269861286254729 0.6881042454812946 3564.0 41760.0
36.0 0.03362757461118117 0.7217318200924757 5760.0 47520.0
39.0 0.0273224043715847 0.7490542244640604 5070.0 52590.0
42.0 0.020596889449348465 0.7696511139134089 4116.0 56706.0
45.0 0.021017234131988232 0.7906683480453971 4500.0 61206.0
48.0 0.021017234131988232 0.8116855821773853 4800.0 66006.0
51.0 0.01744430432955023 0.8291298865069355 4233.0 70239.0
54.0 0.014291719209751997 0.8434216057166876 3672.0 73911.0
57.0 0.015762925598991173 0.8591845313156787 4275.0 78186.0
60.0 0.013871374527112233 0.8730559058427909 3960.0 82146.0
63.0 0.012189995796553174 0.8852459016393441 3654.0 85800.0
66.0 0.009247583018074821 0.894493484657419 2904.0 88704.0
69.0 0.00903741067675494 0.9035308953341739 2967.0 91671.0
72.0 0.007566204287515763 0.9110970996216896 2592.0 94263.0
75.0 0.00903741067675494 0.9201345102984445 3225.0 97488.0
78.0 0.006515342580916352 0.9266498528793609 2418.0 99906.0
81.0 0.01008827238335435 0.9367381252627152 3888.0 103794.0
84.0 0.005674653215636823 0.942412778478352 2268.0 106062.0
87.0 0.006094997898276587 0.9485077763766286 2523.0 108585.0
90.0 0.004413619167717529 0.9529213955443462 1890.0 110475.0
93.0 0.004413619167717529 0.9573350147120637 1953.0 112428.0
96.0 0.004413619167717529 0.9617486338797813 2016.0 114444.0
99.0 0.004203446826397646 0.9659520807061789 1980.0 116424.0
102.0 0.0031525851197982345 0.9691046658259771 1530.0 117954.0
105.0 0.0025220680958385876 0.9716267339218156 1260.0 119214.0
108.0 0.003993274485077764 0.9756200084068934 2052.0 121266.0
111.0 0.0029424127784783522 0.9785624211853718 1554.0 122820.0
114.0 0.0023118957545187053 0.9808743169398906 1254.0 124074.0
117.0 0.0014712063892391761 0.9823455233291297 819.0 124893.0
120.0 0.0016813787305590584 0.9840269020596888 960.0 125853.0
123.0 0.0014712063892391761 0.9854981084489279 861.0 126714.0
126.0 8.406893652795292E-4 0.9863387978142074 504.0 127218.0
129.0 0.0016813787305590584 0.9880201765447665 1032.0 128250.0
132.0 0.0010508617065994115 0.9890710382513659 660.0 128910.0
135.0 0.0012610340479192938 0.9903320722992852 810.0 129720.0
138.0 2.101723413198823E-4 0.9905422446406051 138.0 129858.0
141.0 8.406893652795292E-4 0.9913829340058846 564.0 130422.0
144.0 0.0012610340479192938 0.992643968053804 864.0 131286.0
147.0 0.0012610340479192938 0.9939050021017233 882.0 132168.0
150.0 4.203446826397646E-4 0.994325346784363 300.0 132468.0
153.0 4.203446826397646E-4 0.9947456914670028 306.0 132774.0
156.0 0.0010508617065994115 0.9957965531736022 780.0 133554.0
159.0 4.203446826397646E-4 0.9962168978562419 318.0 133872.0
162.0 0.0 0.9962168978562419 0.0 133872.0
165.0 4.203446826397646E-4 0.9966372425388816 330.0 134202.0
168.0 0.0 0.9966372425388816 0.0 134202.0
171.0 4.203446826397646E-4 0.9970575872215214 342.0 134544.0
174.0 6.305170239596469E-4 0.997688104245481 522.0 135066.0
177.0 4.203446826397646E-4 0.9981084489281208 354.0 135420.0
180.0 0.0 0.9981084489281208 0.0 135420.0
183.0 8.406893652795292E-4 0.9989491382934003 732.0 136152.0
186.0 0.0 0.9989491382934003 0.0 136152.0
189.0 4.203446826397646E-4 0.99936948297604 378.0 136530.0
192.0 2.101723413198823E-4 0.9995796553173599 192.0 136722.0
195.0 0.0 0.9995796553173599 0.0 136722.0
198.0 0.0 0.9995796553173599 0.0 136722.0
201.0 0.0 0.9995796553173599 0.0 136722.0
204.0 0.0 0.9995796553173599 0.0 136722.0
207.0 0.0 0.9995796553173599 0.0 136722.0
210.0 0.0 0.9995796553173599 0.0 136722.0
213.0 0.0 0.9995796553173599 0.0 136722.0
216.0 0.0 0.9995796553173599 0.0 136722.0
219.0 0.0 0.9995796553173599 0.0 136722.0
222.0 0.0 0.9995796553173599 0.0 136722.0
225.0 0.0 0.9995796553173599 0.0 136722.0
228.0 0.0 0.9995796553173599 0.0 136722.0
231.0 0.0 0.9995796553173599 0.0 136722.0
234.0 0.0 0.9995796553173599 0.0 136722.0
237.0 0.0 0.9995796553173599 0.0 136722.0
240.0 0.0 0.9995796553173599 0.0 136722.0
243.0 0.0 0.9995796553173599 0.0 136722.0
246.0 0.0 0.9995796553173599 0.0 136722.0
249.0 0.0 0.9995796553173599 0.0 136722.0
252.0 2.101723413198823E-4 0.9997898276586799 252.0 136974.0
255.0 2.101723413198823E-4 0.9999999999999998 255.0 137229.0
258.0 0.0 0.9999999999999998 0.0 137229.0
261.0 0.0 0.9999999999999998 0.0 137229.0
264.0 0.0 0.9999999999999998 0.0 137229.0
267.0 0.0 0.9999999999999998 0.0 137229.0
270.0 0.0 0.9999999999999998 0.0 137229.0
273.0 0.0 0.9999999999999998 0.0 137229.0
276.0 0.0 0.9999999999999998 0.0 137229.0
279.0 0.0 0.9999999999999998 0.0 137229.0
282.0 0.0 0.9999999999999998 0.0 137229.0
285.0 0.0 0.9999999999999998 0.0 137229.0
288.0 0.0 0.9999999999999998 0.0 137229.0
291.0 0.0 0.9999999999999998 0.0 137229.0
294.0 0.0 0.9999999999999998 0.0 137229.0
297.0 0.0 0.9999999999999998 0.0 137229.0
