libgcj-java-placeholder.sh

This script is a placeholder for the /usr/bin/java
master link required by jpackage.org conventions.  libgcj's
rmiregistry, rmic and jar tools are now slave symlinks to these
masters, and are managed by the alternatives(8) system.

This change was necessary because the rmiregistry, rmic and jar tools
installed by previous versions of libgcj conflicted with symlinks
installed by jpackage.org JVM packages.
#NT 1220
#AV 118.07592607567531
#OVR 0.0
0.0 0.08852459016393442 0.08852459016393442 0.0 0.0
12.0 0.07950819672131147 0.1680327868852459 1164.0 1164.0
24.0 0.08688524590163935 0.25491803278688524 2544.0 3708.0
36.0 0.07377049180327869 0.32868852459016396 3240.0 6948.0
48.0 0.06147540983606557 0.39016393442622954 3600.0 10548.0
60.0 0.05327868852459016 0.4434426229508197 3900.0 14448.0
72.0 0.06229508196721312 0.5057377049180328 5472.0 19920.0
84.0 0.056557377049180325 0.5622950819672131 5796.0 25716.0
96.0 0.023770491803278688 0.5860655737704918 2784.0 28500.0
108.0 0.04016393442622951 0.6262295081967213 5292.0 33792.0
120.0 0.027868852459016394 0.6540983606557377 4080.0 37872.0
132.0 0.03934426229508197 0.6934426229508196 6336.0 44208.0
144.0 0.02540983606557377 0.7188524590163934 4464.0 48672.0
156.0 0.031967213114754096 0.7508196721311475 6084.0 54756.0
168.0 0.029508196721311476 0.780327868852459 6048.0 60804.0
180.0 0.023770491803278688 0.8040983606557377 5220.0 66024.0
192.0 0.022131147540983605 0.8262295081967213 5184.0 71208.0
204.0 0.01557377049180328 0.8418032786885246 3876.0 75084.0
216.0 0.018032786885245903 0.8598360655737705 4752.0 79836.0
228.0 0.020491803278688523 0.880327868852459 5700.0 85536.0
240.0 0.009016393442622951 0.8893442622950819 2640.0 88176.0
252.0 0.010655737704918032 0.8999999999999999 3276.0 91452.0
264.0 0.010655737704918032 0.9106557377049179 3432.0 94884.0
276.0 0.006557377049180328 0.9172131147540983 2208.0 97092.0
288.0 0.009836065573770493 0.9270491803278688 3456.0 100548.0
300.0 0.009016393442622951 0.9360655737704917 3300.0 103848.0
312.0 0.004098360655737705 0.9401639344262294 1560.0 105408.0
324.0 0.005737704918032787 0.9459016393442622 2268.0 107676.0
336.0 0.005737704918032787 0.951639344262295 2352.0 110028.0
348.0 0.004098360655737705 0.9557377049180327 1740.0 111768.0
360.0 0.005737704918032787 0.9614754098360655 2520.0 114288.0
372.0 0.004918032786885246 0.9663934426229508 2232.0 116520.0
384.0 0.001639344262295082 0.9680327868852459 768.0 117288.0
396.0 8.19672131147541E-4 0.9688524590163934 396.0 117684.0
408.0 0.004918032786885246 0.9737704918032787 2448.0 120132.0
420.0 0.004098360655737705 0.9778688524590163 2100.0 122232.0
432.0 0.003278688524590164 0.9811475409836065 1728.0 123960.0
444.0 0.002459016393442623 0.983606557377049 1332.0 125292.0
456.0 0.001639344262295082 0.9852459016393441 912.0 126204.0
468.0 8.19672131147541E-4 0.9860655737704916 468.0 126672.0
480.0 8.19672131147541E-4 0.9868852459016392 480.0 127152.0
492.0 8.19672131147541E-4 0.9877049180327867 492.0 127644.0
504.0 0.001639344262295082 0.9893442622950818 1008.0 128652.0
516.0 0.001639344262295082 0.9909836065573768 1032.0 129684.0
528.0 0.0 0.9909836065573768 0.0 129684.0
540.0 0.001639344262295082 0.9926229508196719 1080.0 130764.0
552.0 0.0 0.9926229508196719 0.0 130764.0
564.0 8.19672131147541E-4 0.9934426229508194 564.0 131328.0
576.0 0.0 0.9934426229508194 0.0 131328.0
588.0 0.001639344262295082 0.9950819672131145 1176.0 132504.0
600.0 0.0 0.9950819672131145 0.0 132504.0
612.0 0.0 0.9950819672131145 0.0 132504.0
624.0 0.0 0.9950819672131145 0.0 132504.0
636.0 0.0 0.9950819672131145 0.0 132504.0
648.0 0.0 0.9950819672131145 0.0 132504.0
660.0 8.19672131147541E-4 0.995901639344262 660.0 133164.0
672.0 0.0 0.995901639344262 0.0 133164.0
684.0 8.19672131147541E-4 0.9967213114754095 684.0 133848.0
696.0 0.0 0.9967213114754095 0.0 133848.0
708.0 0.0 0.9967213114754095 0.0 133848.0
720.0 0.0 0.9967213114754095 0.0 133848.0
732.0 0.0 0.9967213114754095 0.0 133848.0
744.0 0.0 0.9967213114754095 0.0 133848.0
756.0 0.0 0.9967213114754095 0.0 133848.0
768.0 8.19672131147541E-4 0.9975409836065571 768.0 134616.0
780.0 0.0 0.9975409836065571 0.0 134616.0
792.0 0.0 0.9975409836065571 0.0 134616.0
804.0 0.0 0.9975409836065571 0.0 134616.0
816.0 8.19672131147541E-4 0.9983606557377046 816.0 135432.0
828.0 0.0 0.9983606557377046 0.0 135432.0
840.0 0.0 0.9983606557377046 0.0 135432.0
852.0 0.0 0.9983606557377046 0.0 135432.0
864.0 0.0 0.9983606557377046 0.0 135432.0
876.0 8.19672131147541E-4 0.9991803278688521 876.0 136308.0
888.0 0.0 0.9991803278688521 0.0 136308.0
900.0 0.0 0.9991803278688521 0.0 136308.0
912.0 8.19672131147541E-4 0.9999999999999997 912.0 137220.0
924.0 0.0 0.9999999999999997 0.0 137220.0
936.0 0.0 0.9999999999999997 0.0 137220.0
948.0 0.0 0.9999999999999997 0.0 137220.0
960.0 0.0 0.9999999999999997 0.0 137220.0
972.0 0.0 0.9999999999999997 0.0 137220.0
984.0 0.0 0.9999999999999997 0.0 137220.0
996.0 0.0 0.9999999999999997 0.0 137220.0
1008.0 0.0 0.9999999999999997 0.0 137220.0
1020.0 0.0 0.9999999999999997 0.0 137220.0
1032.0 0.0 0.9999999999999997 0.0 137220.0
1044.0 0.0 0.9999999999999997 0.0 137220.0
1056.0 0.0 0.9999999999999997 0.0 137220.0
1068.0 0.0 0.9999999999999997 0.0 137220.0
1080.0 0.0 0.9999999999999997 0.0 137220.0
1092.0 0.0 0.9999999999999997 0.0 137220.0
1104.0 0.0 0.9999999999999997 0.0 137220.0
1116.0 0.0 0.9999999999999997 0.0 137220.0
1128.0 0.0 0.9999999999999997 0.0 137220.0
1140.0 0.0 0.9999999999999997 0.0 137220.0
1152.0 0.0 0.9999999999999997 0.0 137220.0
1164.0 0.0 0.9999999999999997 0.0 137220.0
1176.0 0.0 0.9999999999999997 0.0 137220.0
1188.0 0.0 0.9999999999999997 0.0 137220.0
